	baseMean	log2FoldChange	lfcSE	stat	pvalue	padj
Plod2	28.95595604	6.498163683	1.076391083	6.036991372	1.57E-09	6.67E-08
Catsperg2	6.637677415	6.239706161	1.49659817	4.169259516	3.06E-05	0.000584448
Tspan12	5.700721733	6.021108522	1.528070179	3.940335074	8.14E-05	0.001393502
Six3	5.66721338	6.013857141	1.55030307	3.879149346	0.000104822	0.001719391
Elavl4	5.371637061	5.934325605	1.541323195	3.850150069	0.000118045	0.001908659
Tex15	5.233075399	5.896186576	1.597780702	3.690235192	0.000224047	0.003254902
Olfr876	5.063919814	5.848135757	1.59513999	3.666221018	0.000246161	0.003523474
Chn2	5.05784935	5.8466841	1.599358515	3.655643213	0.000256538	0.003645144
Klf1	4.810787548	5.782556707	1.544146414	3.744824102	0.00018052	0.002742697
B3galt5	4.53836247	5.690087308	1.673196496	3.400728677	0.000672065	0.008145044
Cd1d1	4.453013572	5.664849289	1.620200428	3.496387972	0.000471602	0.006022274
Bicd1	4.44997834	5.664096911	1.629829031	3.475270598	0.000510338	0.006461434
Vegfc	4.367543871	5.63990408	1.587410225	3.552896404	0.000381014	0.005058014
Mkx	8.611771547	5.628569062	1.367770153	4.11514248	3.87E-05	0.000717819
Itgb6	4.338854566	5.626367219	1.729928847	3.252369153	0.001144473	0.012479984
Vmn2r112	4.329628069	5.622538225	1.65581829	3.395625148	0.000684721	0.008246972
Prph	4.210770818	5.586901503	1.678929538	3.327656925	0.000875796	0.010066847
Fmo1	4.391888633	4.626487473	1.598098786	2.894994673	0.00379165	0.032123895
Cyp2c50	8.126859339	4.592149676	1.252224263	3.667194296	0.000245226	0.003513793
Zhx2	7.842426935	4.561350589	1.287569053	3.542606573	0.000396193	0.005210287
Mctp2	6.802180744	4.400227312	1.395961321	3.152112631	0.001620937	0.01639993
Celf6	6.868927668	4.3632374	1.305553718	3.342058882	0.000831594	0.009698128
Vmn2r70	6.33894186	4.290647758	1.349125631	3.18031743	0.001471138	0.015208323
Dhtkd1	6.329723577	4.184445173	1.456223313	2.873491405	0.004059621	0.03372913
Fgl1	6.216815988	4.169811143	1.344206417	3.102061626	0.001921779	0.018800257
Cnih3	5.530069926	4.091494757	1.451731411	2.818355191	0.004827038	0.038519989
Olfr750	5.715794903	4.080052284	1.413694084	2.886092776	0.003900572	0.032821765
Prss30	5.636516468	4.061346568	1.384221914	2.934028515	0.003345935	0.029353561
Olfr843	5.776607542	4.046974106	1.422272434	2.845428209	0.004435176	0.036070286
Basp1	104.3701577	3.963567571	0.280725212	14.11902959	2.90E-45	8.21E-43
Tnc	23.14505285	3.959522082	0.627446051	6.310537892	2.78E-10	1.27E-08
Dlc1	7.246766159	3.822727375	1.20647716	3.168503724	0.001532258	0.015733455
Rhox5	17.45003246	3.703357446	0.736182048	5.03049138	4.89E-07	1.40E-05
Ispd	8.856507043	3.634930446	1.028163781	3.535361306	0.000407218	0.005339778
Prkg2	6.084385882	3.596836628	1.189118781	3.024791706	0.002488044	0.023207556
Slco1a4	5.989804086	3.559813715	1.192070296	2.986244794	0.002824265	0.025637083
Aldh1a1	8.012597344	3.509337082	1.006763324	3.485761747	0.000490738	0.006248177
Crtam	7.811696208	3.501915681	1.02058331	3.431288408	0.000600722	0.007426011
Mapk8ip2	7.371721152	3.480422834	1.099481704	3.16551228	0.001548101	0.0157686
Ptprh	7.968477476	3.461468115	1.088451009	3.18017815	0.001471845	0.015208323
Prodh	11.03671563	3.450382083	0.846253345	4.077244838	4.56E-05	0.000832923
Olr1	56.80756882	3.419689024	0.352841016	9.691869343	3.26E-22	3.93E-20
Gm10719	84.52417517	3.352779144	1.135972441	2.951461693	0.003162738	0.02809073
Slc5a1	6.966414291	3.348642489	1.07725924	3.108483422	0.001880502	0.018529758
9330182L06Rik	8.781214548	3.288637567	0.998823452	3.292511364	0.000992969	0.011085706
Rgl3	13.64595458	3.285293846	0.716314491	4.586384735	4.51E-06	0.000104667
Mmp9	27.17283389	3.263380339	0.501143861	6.511863341	7.42E-11	3.66E-09
Chst11	8.171336107	3.240850819	0.972872509	3.331218417	0.000864667	0.009981109
Arhgef26	6.777271714	3.23338727	1.166966927	2.770761703	0.005592534	0.043184143
Wnt7b	6.636926236	3.208383073	1.109564059	2.891570834	0.003833212	0.032375194
Klkb1	8.136201134	3.20578247	0.976190377	3.283972619	0.001023549	0.011352541
Rgma	6.48952866	3.205407272	1.139614033	2.812713059	0.004912547	0.039041969
Cd200r2	6.13918915	3.198094797	1.155729997	2.767164308	0.005654625	0.04353997
Olfr432	6.343133733	3.125271758	1.142518536	2.735423242	0.006230011	0.046752591
Atp9a	11.93112427	3.103130472	0.81570179	3.804246245	0.000142237	0.002251611
Satb1	9.010629667	3.10164993	0.907255761	3.418716159	0.000629173	0.007698899
Negr1	6.125172834	3.072179102	1.10766937	2.773552458	0.00554479	0.042937389
Ripor2	8.822011275	3.069725521	1.045655456	2.935695026	0.003328013	0.029215188
Atcay	8.774714359	3.066275712	0.995710646	3.079484712	0.00207359	0.020030806
Cfap61	8.824779303	3.01589864	1.063503744	2.835813843	0.004570908	0.036887363
Adora2a	35.15669985	2.956520162	0.415765198	7.111033286	1.15E-12	6.78E-11
Myrfl	8.536800282	2.954968631	1.014557896	2.912567771	0.003584704	0.030773236
Abcc8	9.465317344	2.947277477	0.864201056	3.410407167	0.00064866	0.007889511
Spink5	2542.173811	2.94576209	0.057879545	50.89470002	0	0
Btbd3	16.20647658	2.939018239	0.621857188	4.72619485	2.29E-06	5.69E-05
Tmeff1	7.971634893	2.937470102	0.93154371	3.153335771	0.00161416	0.016343523
Slc17a6	17.93579434	2.931846907	0.670510892	4.372556723	1.23E-05	0.000258488
Card10	7.910709666	2.893724974	0.953636617	3.034410511	0.002410062	0.022616997
Smad1	48.40134937	2.863834609	0.341092082	8.396074724	4.62E-17	4.00E-15
Tg	14.19767187	2.859429964	0.703506978	4.064536747	4.81E-05	0.000873757
Bdh2	46.81185851	2.842714688	0.351205878	8.094154637	5.77E-16	4.61E-14
Scn11a	12.83104537	2.820612959	0.737467904	3.824726396	0.000130917	0.002089454
Eml1	7.723109301	2.794317804	0.967960897	2.886808561	0.003891709	0.032778048
Tecta	10.11197609	2.791303604	0.878511919	3.177308746	0.001486487	0.01534795
Tmprss6	8.655557609	2.777389301	0.899711507	3.086977635	0.002022028	0.019646845
Smo	12.17714089	2.730869981	0.708389201	3.855041803	0.00011571	0.001877593
Pak6	8.786173419	2.72264954	0.907125711	3.001402681	0.002687389	0.024674625
Plxdc1	11.93653374	2.709441055	0.732167119	3.700577346	0.00021511	0.003158811
Col6a3	11.52251177	2.643727607	0.81034754	3.262461447	0.001104492	0.012112001
Opcml	24.95454408	2.638878724	0.465042001	5.674495464	1.39E-08	5.21E-07
Hcn3	10.49990449	2.626260582	0.795330658	3.302099014	0.000959642	0.010784471
Bach2	9.043901428	2.60917331	0.841182676	3.101791542	0.001923534	0.018803889
Omp	8.675216925	2.569215898	0.8326714	3.085509959	0.002032034	0.01972277
Neo1	10.95259037	2.554780269	0.77012712	3.317348788	0.000908761	0.010344796
Gm11639	14.64253667	2.535193351	0.715336846	3.544055317	0.000394023	0.005186756
Col11a1	9.431860617	2.512446897	0.90846511	2.765595364	0.005681899	0.043675784
Gm9573	8.533520244	2.510136341	0.850467882	2.951476939	0.003162582	0.02809073
Flnc	43.48469349	2.508266264	0.361652587	6.935568433	4.05E-12	2.22E-10
Slc9b2	14.81545013	2.489627219	0.647214832	3.846678254	0.00011973	0.001926733
Adcy6	9.401751112	2.488670856	0.816498241	3.047980669	0.002303847	0.021786075
Plxna4	14.52952471	2.460859041	0.747311197	3.292950847	0.000991418	0.011077488
Dact3	8.245373806	2.436451198	0.849594358	2.867781754	0.004133606	0.034209765
Akap12	11.88335159	2.401769703	0.72114252	3.330506295	0.000866882	0.009998187
Mcemp1	11.81595968	2.380226848	0.67630018	3.519482793	0.000432389	0.005604983
Fcgbp	12.5582876	2.373677849	0.693748613	3.42152446	0.000622711	0.007644929
Zfp704	11.21562105	2.370181455	0.829051957	2.858905808	0.00425105	0.034885804
Il17rb	9.283360915	2.351397027	0.851424964	2.761719619	0.005749783	0.044097886
Ret	9.512795976	2.346874131	0.804621041	2.916744668	0.003537052	0.030478442
Hpgd	46.70939075	2.345569256	0.366417264	6.401361206	1.54E-10	7.35E-09
Tfr2	11.6574392	2.337115649	0.730532502	3.199194619	0.001378121	0.014493186
Pdgfa	188.5020454	2.322681116	0.171263403	13.56203999	6.72E-42	1.76E-39
Acp5	20.8509222	2.316750655	0.524615082	4.416096171	1.00E-05	0.000215523
Gucy2g	20.47931505	2.316096844	0.50682034	4.56985772	4.88E-06	0.000112675
Fgfr1	11.56919689	2.303502083	0.739278791	3.115877406	0.001833985	0.018203305
Muc16	18.87523757	2.29932213	0.585407988	3.927725921	8.58E-05	0.001455764
Itgax	19.43317114	2.297635648	0.512798695	4.480580137	7.44E-06	0.000164058
Serinc2	85.94126325	2.283644905	0.243331444	9.384914942	6.30E-21	6.80E-19
Pxdn	283.9046434	2.280003079	0.289132362	7.885672383	3.13E-15	2.36E-13
Zfp882	9.881932155	2.278588133	0.833180094	2.734808657	0.006241655	0.046814131
Gm10717	138.044132	2.267924181	0.833584279	2.720689724	0.006514588	0.048275402
Mgll	9.342155586	2.265454769	0.791043599	2.863881045	0.004184851	0.034495873
Gm10718	79.98686136	2.211484713	0.701639073	3.151883636	0.001622209	0.016400594
Dnah11	17.10416459	2.201182169	0.624429777	3.525107628	0.000423311	0.005513582
Enpp4	113.6513614	2.19806169	0.219249215	10.02540276	1.18E-23	1.57E-21
C1qtnf6	11.35987557	2.195674017	0.697349552	3.148598879	0.001640552	0.01657372
Ptprb	13.57377555	2.190066302	0.73286986	2.988342707	0.002804948	0.02547875
Zfp984	97.42489637	2.145203189	0.223849879	9.583222479	9.41E-22	1.12E-19
Rarb	32.49692029	2.143995561	0.385988403	5.554559524	2.78E-08	9.83E-07
Gm10800	10122.90448	2.11901586	0.601232435	3.524453665	0.000424357	0.00552192
Lamb2	28.10694831	2.115964057	0.425466765	4.973276952	6.58E-07	1.83E-05
Slc9a3r2	14.27730734	2.115720993	0.623184041	3.395017932	0.000686241	0.00825797
Ryr3	17.14672714	2.113990516	0.612006749	3.454194776	0.000551939	0.006917291
Gpnmb	980.6788327	2.105257661	0.077190886	27.27339689	8.77E-164	5.97E-160
Gm21738	1565.201239	2.104327856	0.698343726	3.013312468	0.002584127	0.023952937
Cxcl14	941.0052702	2.098469445	0.079842711	26.28254245	3.04E-152	1.38E-148
F5	16.22335711	2.095158926	0.609444181	3.437819235	0.000586419	0.007282307
Prdm11	14.95409661	2.059023122	0.703121037	2.928404947	0.00340706	0.029603323
Piezo2	13.16851775	2.049166945	0.660356754	3.103121052	0.001914913	0.018779001
Anpep	89.56104234	2.042209238	0.22072396	9.252322379	2.20E-20	2.32E-18
Tnr	11.2023122	2.033185165	0.704830551	2.884643921	0.003918566	0.032912258
Lpin3	12.97890355	2.017232984	0.684495941	2.947034251	0.003208377	0.028347957
Cecr2	11.62191866	2.015125333	0.726975179	2.771931408	0.005572478	0.043102703
Nos2	14.02173974	2.011743192	0.654494906	3.073733919	0.002113979	0.020358275
Ranbp3l	236.5699448	2.004562796	0.138663575	14.45630403	2.29E-47	6.91E-45
Tgm2	13.88484749	1.992634277	0.621212684	3.20765227	0.001338232	0.014117361
Kif26b	15.28564083	1.980617728	0.652312297	3.036302913	0.002394986	0.022491038
Espn	11.72516181	1.978269322	0.725196506	2.72790796	0.006373739	0.04743848
Cgn	12.62781806	1.965864738	0.69712236	2.819970855	0.004802801	0.038371616
Adamts4	10.82745104	1.965617572	0.702839686	2.796679829	0.005163067	0.040561816
Eid2	16.85810407	1.961969643	0.57343563	3.421429608	0.000622928	0.007644929
Mroh4	12.92867345	1.959168662	0.71150107	2.753570928	0.0058949	0.044932087
Gm10801	913.5242355	1.956958969	0.64623013	3.028269461	0.002459587	0.023002379
Arhgef17	15.05637305	1.933448793	0.631739148	3.060517621	0.002209548	0.021069725
Ndrg4	367.4981705	1.922108984	0.128066948	15.0086265	6.45E-51	2.19E-48
Dnah10	21.0523377	1.912400329	0.572701908	3.339259574	0.00084002	0.009762903
Pigr	12.0625247	1.905727702	0.673424984	2.829903476	0.004656205	0.037376077
Runx2	29.33092982	1.892595189	0.398140935	4.753581007	2.00E-06	5.00E-05
Evl	80.89829627	1.877387597	0.231286614	8.117147667	4.77E-16	3.84E-14
Zfp334	25.7013249	1.870477447	0.448285356	4.17251517	3.01E-05	0.000577782
Mup11	13.43451497	1.866715188	0.636382264	2.933323718	0.00335354	0.029383146
Fbp1	11.68907856	1.83069608	0.669781154	2.733274992	0.006270795	0.046929155
Zkscan7	22.23324229	1.830597948	0.454504761	4.027676071	5.63E-05	0.001006554
Jag2	12.53812907	1.821780441	0.672185843	2.710233279	0.00672359	0.049581008
Apoa4	17.32882109	1.800355569	0.552321206	3.259616956	0.001115628	0.012214417
Cacna1h	13.22885783	1.8003055	0.659142995	2.731282156	0.006308843	0.047058504
Dixdc1	16.685106	1.793145252	0.570248094	3.144500211	0.001663708	0.016757852
Atp6v0d2	25.35850299	1.782512133	0.426150694	4.182821148	2.88E-05	0.000553756
Serpinc1	21.05693922	1.753767739	0.483430239	3.627757635	0.000285893	0.003970969
Rcan1	825.7438258	1.739970938	0.079201539	21.9689032	5.71E-107	7.06E-104
Slpi	43.84512366	1.728315668	0.341046624	5.067681507	4.03E-07	1.18E-05
Zcwpw1	23.9719995	1.727618639	0.461192573	3.745981051	0.00017969	0.0027362
Col5a1	20.01977336	1.726898142	0.519243732	3.325794871	0.000881668	0.010117462
Muc4	16.99100513	1.71951615	0.619481116	2.775736186	0.005507688	0.042751017
Ppic	82.70632936	1.718257525	0.220175885	7.804022339	6.00E-15	4.43E-13
Zbtb46	14.14160235	1.694574079	0.58974044	2.873423566	0.004060493	0.03372913
Sh2d2a	14.81630239	1.692153665	0.602091472	2.810459447	0.004947082	0.039224738
Adcy2	90.77690568	1.689911968	0.2336483	7.232716715	4.73E-13	2.89E-11
Cfap54	16.31802404	1.68937742	0.557920528	3.027989355	0.002461868	0.023007887
Serpinb6b	52.03694268	1.680316343	0.304012786	5.527123934	3.26E-08	1.13E-06
C4b	16.31041394	1.680158263	0.59724909	2.813161696	0.004905698	0.039010337
Sdc1	156.5308309	1.660560987	0.169176626	9.815546192	9.65E-23	1.20E-20
Stc2	68.50325583	1.622258245	0.2717217	5.970293292	2.37E-09	9.64E-08
Apoc1	14.70963693	1.60041283	0.585818094	2.731927961	0.006296491	0.047032393
Ppp1r12b	285.0694517	1.596910275	0.132804885	12.02448444	2.64E-33	5.10E-31
Slc39a4	15.05562187	1.581907949	0.551947068	2.866050099	0.004156285	0.034315215
Cd48	19.70010228	1.576605989	0.526546273	2.994240143	0.002751293	0.02510878
Platr25	65.21137232	1.571383187	0.25469784	6.169597623	6.85E-10	3.02E-08
Cacna1b	28.1853892	1.568361344	0.489824905	3.201881586	0.001365331	0.014369793
Clec4a3	26.65559818	1.545118056	0.435359211	3.549064812	0.000386602	0.005113826
Layn	34.59883998	1.51518414	0.360081814	4.20788854	2.58E-05	0.000501955
Rnf217	49.30037174	1.507765802	0.302061543	4.991584787	5.99E-07	1.69E-05
Smpdl3a	133.9880826	1.500897398	0.178136122	8.425564576	3.59E-17	3.15E-15
Il13ra2	27.21826852	1.496976453	0.398265044	3.758744273	0.000170768	0.002614985
Cntf	17.98045412	1.493836976	0.533968173	2.79761426	0.005148155	0.040488501
Slc7a4	34.51363473	1.488078901	0.372204051	3.998019089	6.39E-05	0.00112509
Rbp4	32.79253077	1.470613612	0.365246671	4.026357336	5.66E-05	0.001010884
Afap1l1	22.02089649	1.459679902	0.469510514	3.108939755	0.0018776	0.018514579
Kdm5b	32.52284418	1.444726503	0.371542182	3.888458902	0.000100883	0.00166481
Arhgap15	29.09716923	1.437976619	0.385208944	3.732978277	0.000189229	0.002846388
Fbxo15	22.10767869	1.432933936	0.449793469	3.185759763	0.001443744	0.015032186
Hydin	20.56776778	1.420080647	0.492238427	2.884944708	0.003914824	0.032912258
Fga	33.47119907	1.404725879	0.41066162	3.420640771	0.000624738	0.007660222
Tat	21.67757233	1.400601899	0.478468449	2.927260728	0.003419621	0.029674539
Ttr	30.87683283	1.391599792	0.37260045	3.734831219	0.000187841	0.002834921
Eng	30.25799842	1.37795993	0.373330303	3.690994057	0.000223379	0.003248676
Olfml3	75.20336224	1.358929898	0.241066702	5.637153058	1.73E-08	6.34E-07
Serpina1a	26.21329713	1.346170045	0.396303931	3.396812244	0.000681757	0.008229442
Ehhadh	25.41537855	1.343664931	0.461003798	2.914650459	0.003560871	0.030621035
Abtb2	21.0354848	1.335251575	0.46025317	2.901124123	0.003718266	0.03167981
C5ar1	423.4890667	1.325608187	0.12139389	10.91989218	9.26E-28	1.50E-25
Olfr933	44.28280001	1.317793189	0.311133776	4.235455262	2.28E-05	0.000452012
Lama5	26.98122238	1.301042502	0.458298405	2.83885453	0.004527579	0.03662125
Fcgrt	21.28603013	1.294227213	0.456743226	2.833599141	0.004602703	0.037121918
Clec4a2	73.30703122	1.289537092	0.252337648	5.110363447	3.22E-07	9.62E-06
Hpx	41.10326037	1.289433118	0.360026596	3.581494068	0.000341635	0.004627043
Slc22a17	24.618478	1.269276598	0.412460885	3.077325985	0.002088667	0.020157346
Itgb4	22.51367875	1.262084029	0.465546197	2.710974842	0.006708572	0.049497101
Dapk1	183.1955842	1.255666609	0.173463763	7.238783396	4.53E-13	2.79E-11
Cp	53.04262859	1.24062584	0.27038482	4.588370895	4.47E-06	0.000104015
Creb3l2	268.8412647	1.239192502	0.124280441	9.970937457	2.04E-23	2.70E-21
Traf5	27.58237692	1.237803777	0.388355689	3.187294052	0.001436107	0.014987093
Ccl5	39.69690056	1.218004149	0.327371263	3.720559159	0.000198782	0.002955873
Cd36	1462.883772	1.217854141	0.072959824	16.69212001	1.50E-62	8.47E-60
Egr1	191.6208107	1.217798453	0.157390355	7.737440154	1.01E-14	7.34E-13
Cyp4a14	50.58582731	1.214267069	0.302630148	4.012379725	6.01E-05	0.001065674
Col5a3	26.25860762	1.202759888	0.427192697	2.815497308	0.00487018	0.038795966
Igf1	277.9171597	1.193089804	0.127399834	9.364924355	7.61E-21	8.08E-19
Snta1	104.3529214	1.183146648	0.202938758	5.830067466	5.54E-09	2.15E-07
Ccnd2	102.2606687	1.181740575	0.221182487	5.342830679	9.15E-08	2.94E-06
P3h3	38.44124534	1.178715343	0.35483507	3.321868223	0.000894169	0.010234774
Adgrl1	100.6237848	1.178251701	0.20739012	5.681329966	1.34E-08	5.02E-07
Col1a1	27.46652104	1.162738338	0.403906374	2.878732334	0.003992771	0.033390956
Rgs16	202.6165219	1.139718267	0.159735411	7.135038258	9.68E-13	5.80E-11
Ak4	268.1309578	1.139000093	0.14985209	7.600828896	2.94E-14	2.04E-12
Smad6	78.9961538	1.138383133	0.228279831	4.986788045	6.14E-07	1.73E-05
Zfp358	40.16422011	1.134212633	0.333965288	3.396199165	0.000683286	0.008236991
Cldn11	433.3681016	1.124367883	0.119196183	9.43291855	3.99E-21	4.52E-19
Ifi27	633.099479	1.120123548	0.083168767	13.46807934	2.41E-41	5.75E-39
C77080	95.24507518	1.11313705	0.240081069	4.636504896	3.54E-06	8.38E-05
Phyhd1	35.35478758	1.113130783	0.357639698	3.112436309	0.0018555	0.018349888
Itgal	220.4593121	1.10612787	0.138962091	7.959925319	1.72E-15	1.31E-13
Crlf2	72.00656662	1.090579451	0.24382131	4.472863555	7.72E-06	0.000169544
Gda	73.29330898	1.078964944	0.243865383	4.424428472	9.67E-06	0.000208054
Mgst2	97.50118772	1.076587008	0.229063197	4.69995627	2.60E-06	6.39E-05
Fam20c	477.7979108	1.058315751	0.0959962	11.02455878	2.91E-28	4.77E-26
Pdcd4	30.4178801	1.057715371	0.363325188	2.911208488	0.003600337	0.030868462
Stab1	48.22792139	1.049764986	0.311476345	3.37028799	0.000750897	0.008894331
Tmem38b	1469.349339	1.049725612	0.063368128	16.56551411	1.24E-61	6.73E-59
Dgkh	69.70141007	1.047380517	0.25381826	4.126497904	3.68E-05	0.000687987
Hspa1b	46.03683259	1.041156125	0.30773574	3.383279842	0.000716256	0.008551054
Ccr2	45.57585478	1.038924471	0.357293934	2.90775849	0.003640294	0.031171733
Slc5a3	797.8322493	1.031117521	0.079589075	12.95551587	2.19E-38	4.87E-36
Rbpms	83.16572659	1.029098455	0.270792859	3.800316075	0.000144512	0.002277704
Chst1	121.0572892	1.028769924	0.200368893	5.134379423	2.83E-07	8.59E-06
Cyp2e1	68.4811964	1.026639921	0.243731277	4.212179633	2.53E-05	0.000494135
Fgg	29.1442787	1.018423722	0.370772303	2.746763211	0.006018657	0.045442364
Serpina3k	100.4360598	1.017133791	0.212962987	4.776105952	1.79E-06	4.55E-05
Slc37a2	1027.964567	1.012500256	0.070941587	14.27230911	3.26E-46	9.42E-44
Lyz2	43303.33202	1.008624315	0.042160897	23.92321777	1.76E-126	2.99E-123
Sccpdh	39.85007696	1.004865258	0.316742167	3.172502311	0.001511314	0.015557034
Jrkl	49.36353081	1.000619625	0.289788479	3.452931002	0.000554531	0.006930616
Rsad2	341.9771382	-1.005769779	0.120973486	-8.313968729	9.26E-17	7.77E-15
Oas3	1670.165538	-1.006015737	0.071957036	-13.98078337	2.04E-44	5.67E-42
Ppm1e	73.83361922	-1.008706083	0.247616265	-4.073666506	4.63E-05	0.000844696
Mgmt	36.6991393	-1.017972566	0.348581273	-2.920330628	0.003496602	0.030226824
Lgals3bp	2362.303203	-1.018237913	0.061876121	-16.45607215	7.59E-61	3.93E-58
Irf1	137.5405955	-1.01896328	0.164224957	-6.204679849	5.48E-10	2.44E-08
Ube2l6	340.4319102	-1.019688122	0.117978193	-8.643022019	5.47E-18	5.03E-16
Dusp6	297.0194955	-1.021172999	0.116583241	-8.7591749	1.97E-18	1.86E-16
Slc9a3r1	135.4859336	-1.021326926	0.172343769	-5.926102984	3.10E-09	1.24E-07
Mndal	574.5028308	-1.031118788	0.08586003	-12.00929916	3.18E-33	6.00E-31
Ifi203	603.6327863	-1.038251446	0.082738121	-12.54864672	4.04E-36	8.33E-34
Ccdc92	41.51823263	-1.039838376	0.325182516	-3.197706905	0.00138525	0.0145569
Samd9l	725.6776981	-1.042218481	0.080352929	-12.97051014	1.80E-38	4.11E-36
Bbc3	48.08233601	-1.043321534	0.313109168	-3.332133454	0.000861829	0.0099568
Stat2	401.3369722	-1.046947013	0.099221814	-10.55158101	4.99E-26	7.38E-24
Ifi204	242.9068633	-1.047261416	0.156698783	-6.683277289	2.34E-11	1.20E-09
Zbp1	74.30203321	-1.048424764	0.267676041	-3.916767303	8.97E-05	0.001508459
Parp9	703.2430194	-1.048568325	0.082386751	-12.7273902	4.17E-37	8.99E-35
Ifi47	136.8502409	-1.04904323	0.175442017	-5.979429818	2.24E-09	9.23E-08
9930111J21Rik1	61.42914964	-1.053386062	0.25936891	-4.061342829	4.88E-05	0.000882265
Vsig10	35.19613656	-1.061193573	0.345151459	-3.074573622	0.002108037	0.02031544
Trafd1	573.8001397	-1.065029719	0.087272207	-12.20353835	2.98E-34	5.86E-32
Msrb2	32.44854992	-1.067165519	0.389025825	-2.743173976	0.006084844	0.045789544
Ppard	148.3444221	-1.072933255	0.167864383	-6.391667124	1.64E-10	7.77E-09
Klf6	337.3898313	-1.079315431	0.142662498	-7.565516158	3.86E-14	2.64E-12
Col18a1	72.60677508	-1.079933538	0.255449746	-4.227577266	2.36E-05	0.00046688
Prss16	49.33108512	-1.082331652	0.302937185	-3.572792329	0.000353195	0.004750488
Parp10	228.3362541	-1.084371028	0.157543405	-6.882998527	5.86E-12	3.17E-10
Iqsec2	145.5562116	-1.088935791	0.164548858	-6.617704948	3.65E-11	1.83E-09
Jun	256.5836393	-1.090197576	0.280530566	-3.886198899	0.000101826	0.001676309
Ifih1	444.8095826	-1.092278297	0.110996055	-9.840694789	7.52E-23	9.56E-21
Pltp	109.1544577	-1.094404773	0.196427271	-5.571552101	2.52E-08	8.99E-07
Creb5	35.22614214	-1.099284027	0.36370794	-3.022436156	0.00250749	0.023322055
Oas2	943.7989664	-1.104620128	0.073828086	-14.9620583	1.30E-50	4.31E-48
Helz2	1146.434386	-1.112419823	0.073873778	-15.05838548	3.04E-51	1.06E-48
Igtp	249.4140906	-1.114698235	0.129146517	-8.631268304	6.07E-18	5.54E-16
Itga8	31.42190205	-1.116433062	0.397867582	-2.806041788	0.005015419	0.039674034
Epha2	58.87821313	-1.117372532	0.267647463	-4.174792162	2.98E-05	0.000572841
Usp18	1063.101163	-1.125674433	0.068411993	-16.45434362	7.81E-61	3.93E-58
Chchd10	35.19830647	-1.125700366	0.352250535	-3.195737849	0.001394738	0.014621263
Amotl2	47.43863802	-1.127773446	0.312061495	-3.613946179	0.000301572	0.004154784
Ighm	352.1671262	-1.127890204	0.114825115	-9.822678658	8.99E-23	1.13E-20
Rnf213	7595.804812	-1.133176312	0.051253818	-22.1091104	2.58E-108	3.51E-105
Ifi207	1032.480135	-1.138828337	0.072012665	-15.81427841	2.48E-56	1.05E-53
Epsti1	241.4154735	-1.138954095	0.129756545	-8.777623462	1.67E-18	1.59E-16
Eepd1	88.36034261	-1.143590357	0.223611085	-5.114193499	3.15E-07	9.48E-06
Oas1a	643.4780233	-1.152202622	0.09057091	-12.72155294	4.49E-37	9.54E-35
Rtp4	696.0251511	-1.153165333	0.084348542	-13.67143177	1.50E-42	4.01E-40
Slfn5	329.8937524	-1.153660407	0.11062482	-10.42858564	1.84E-25	2.63E-23
Ifi211	39.05509572	-1.154457255	0.31828086	-3.627165182	0.00028655	0.003971974
Dhx58	349.4219947	-1.156759873	0.11610587	-9.962974933	2.21E-23	2.89E-21
Ckb	1306.7202	-1.162368782	0.07260068	-16.01043936	1.08E-57	4.74E-55
Dusp4	308.538709	-1.16370851	0.113299593	-10.27107403	9.51E-25	1.32E-22
Gkap1	50.00607795	-1.166472831	0.297084487	-3.926401013	8.62E-05	0.001461978
Slc24a3	43.76837456	-1.168685329	0.314882652	-3.711494806	0.000206039	0.003051979
Odf3l1	33.19816107	-1.201428604	0.348378862	-3.448626577	0.000563445	0.007035564
Tiam1	207.2772601	-1.203725008	0.155634305	-7.734316743	1.04E-14	7.48E-13
Isg20	71.00826294	-1.207959899	0.258053688	-4.681041015	2.85E-06	6.96E-05
Pml	529.5672175	-1.21470682	0.092042122	-13.19729268	9.09E-40	2.13E-37
Tnik	24.63481163	-1.219645387	0.441935346	-2.759782395	0.005783987	0.044295022
Scd2	2760.856308	-1.220116544	0.052634158	-23.18107835	7.07E-119	1.07E-115
Irgm2	255.4256626	-1.220666147	0.12550638	-9.725929077	2.34E-22	2.86E-20
Trim30a	1352.08516	-1.222448081	0.065474526	-18.67059081	8.59E-78	6.49E-75
Phf11b	114.5221241	-1.222903015	0.195731094	-6.247872989	4.16E-10	1.87E-08
Nptxr	53.57676339	-1.230454492	0.28438222	-4.32676309	1.51E-05	0.000314138
Xaf1	231.9684527	-1.233862423	0.154740702	-7.973741918	1.54E-15	1.18E-13
Gvin1	27.42138834	-1.240305033	0.412558463	-3.006373991	0.002643836	0.024356967
Nsd1	96.1676282	-1.251169292	0.208921096	-5.988716879	2.12E-09	8.80E-08
Nid2	40.00484695	-1.255909174	0.373931456	-3.358661473	0.000783209	0.009228841
Parp14	1305.233503	-1.256883181	0.062878968	-19.98892835	6.88E-89	6.68E-86
Irgm1	1074.752776	-1.267160994	0.067515436	-18.76846342	1.37E-78	1.09E-75
Themis2	406.6087531	-1.27260989	0.113817024	-11.18119101	5.04E-29	8.46E-27
Phf11d	451.8813153	-1.273504969	0.098189524	-12.96986594	1.81E-38	4.11E-36
Cxcr3	63.84255295	-1.274535532	0.252719358	-5.043284142	4.58E-07	1.32E-05
Sp110	131.1657733	-1.27997864	0.177707	-7.202747448	5.90E-13	3.58E-11
Map3k9	75.62190692	-1.284514958	0.262685303	-4.889938436	1.01E-06	2.68E-05
Dhcr24	848.8403112	-1.292677439	0.082956259	-15.58263906	9.55E-55	3.71E-52
Trex1	245.3616931	-1.297700947	0.143793831	-9.024733086	1.80E-19	1.81E-17
Gm4070	41.40244775	-1.305251757	0.33254889	-3.924992077	8.67E-05	0.00146873
Bst2	377.5527394	-1.313928914	0.113644356	-11.56176126	6.44E-31	1.12E-28
Nhsl2	30.60762011	-1.321264917	0.474753163	-2.783056588	0.005384941	0.042010575
Gbp9	71.95419087	-1.324926792	0.261005961	-5.076231927	3.85E-07	1.13E-05
Scd1	300.8936824	-1.351035405	0.121264453	-11.141232	7.90E-29	1.31E-26
Hck	575.1036165	-1.352386718	0.10038587	-13.47188317	2.29E-41	5.66E-39
Ddx58	875.4916196	-1.35890254	0.076632946	-17.73261526	2.35E-70	1.52E-67
Icosl	43.60082405	-1.363341623	0.315635104	-4.319359933	1.56E-05	0.000323432
Ifi202b	420.5108661	-1.40244996	0.103645728	-13.53118921	1.02E-41	2.63E-39
Lgals9	440.4240805	-1.406806579	0.101324733	-13.88413807	7.90E-44	2.15E-41
9930111J21Rik2	122.3982252	-1.427349377	0.181057909	-7.883385943	3.19E-15	2.39E-13
Glcci1	53.96581507	-1.43065279	0.306861824	-4.662205189	3.13E-06	7.52E-05
Oasl1	1246.527551	-1.477128303	0.076966726	-19.19177783	4.34E-82	3.68E-79
H2-T24	310.8287708	-1.479207353	0.118411891	-12.49205078	8.25E-36	1.67E-33
Bdh1	21.95531113	-1.490728175	0.485528625	-3.070319848	0.002138296	0.020577887
Coro2a	33.86958791	-1.503522423	0.376664141	-3.991679213	6.56E-05	0.001154107
Tubb4a	27.19313969	-1.511338735	0.414699478	-3.644419193	0.000267996	0.00378423
Hap1	71.57198805	-1.524166091	0.240842859	-6.328467019	2.48E-10	1.15E-08
H2-T23	286.5271351	-1.545533531	0.12871679	-12.00724112	3.26E-33	6.06E-31
Xkr5	28.43095312	-1.549735683	0.396918776	-3.904415154	9.45E-05	0.001570748
Ifi44	2609.520042	-1.564705998	0.060188321	-25.99683763	5.38E-149	1.83E-145
Ifit3	103.5445269	-1.56773983	0.222928867	-7.032466672	2.03E-12	1.18E-10
Cmpk2	562.8837501	-1.568180371	0.091637026	-17.11295574	1.19E-65	7.34E-63
3830403N18Rik	69.28886866	-1.580384465	0.250723748	-6.303289887	2.91E-10	1.33E-08
Prr5	33.79409655	-1.584444159	0.360679187	-4.39294591	1.12E-05	0.000237222
Dner	69.09378161	-1.58807969	0.258154626	-6.151660796	7.67E-10	3.35E-08
L1cam	155.4149716	-1.594325915	0.170030477	-9.376706699	6.81E-21	7.29E-19
Itga6	357.3177108	-1.605530497	0.110795993	-14.49087153	1.38E-47	4.28E-45
Ifit1	228.9974115	-1.617713601	0.139774999	-11.57369779	5.60E-31	9.89E-29
Sp100	501.0750358	-1.626275612	0.099786794	-16.29750338	1.03E-59	4.99E-57
Phlda3	42.34592593	-1.647283505	0.327433322	-5.030897571	4.88E-07	1.40E-05
Gja1	51.00932146	-1.648132863	0.293598667	-5.613557029	1.98E-08	7.21E-07
Cacng8	24.35790397	-1.654903001	0.439490852	-3.765500453	0.000166216	0.002568412
Rbp3	17.45335487	-1.665008874	0.575483288	-2.893235842	0.003812949	0.032284232
Rhob	32.69709022	-1.668833805	0.36359532	-4.589811013	4.44E-06	0.000103477
Flt1	530.3363904	-1.699308914	0.105522384	-16.10377669	2.40E-58	1.09E-55
Mx1	108.1887257	-1.72652917	0.197537456	-8.740262243	2.33E-18	2.17E-16
Sparcl1	20.52225414	-1.738158462	0.485249388	-3.581990012	0.000340987	0.00462287
Isg15	144.8077152	-1.756032968	0.184564545	-9.514465335	1.83E-21	2.10E-19
Olfr111	30.41322053	-1.828369641	0.426929777	-4.282600413	1.85E-05	0.000373231
Apol9b	65.31759019	-1.832840606	0.25712332	-7.128255043	1.02E-12	6.06E-11
Ifi44l	957.5352239	-1.856851328	0.085229279	-21.78654274	3.11E-105	3.53E-102
Oasl2	359.9233205	-1.928779017	0.113945947	-16.92714021	2.84E-64	1.68E-61
Apol9a	170.2359866	-1.931995499	0.162587617	-11.88279608	1.45E-32	2.60E-30
Rsph3b	17.70851514	-1.957907616	0.603669262	-3.243344891	0.001181351	0.012820441
Slc8a1	142.6608391	-1.979277405	0.346506353	-5.712095568	1.12E-08	4.24E-07
Sdc3	381.7590937	-1.987002542	0.126063705	-15.76189235	5.69E-56	2.34E-53
Ifi27l2a	475.3533568	-2.024119063	0.113957036	-17.76212454	1.39E-70	9.44E-68
Irf7	887.1553495	-2.106339342	0.087110313	-24.18013758	3.60E-129	8.16E-126
Zfyve9	24.16460569	-2.164987808	0.476711668	-4.541503709	5.59E-06	0.000127008
Runx3	274.3739655	-2.168348255	0.145446162	-14.90825347	2.91E-50	9.43E-48
Tmem246	42.83294611	-2.180952272	0.348850331	-6.251828017	4.06E-10	1.83E-08
Otud1	26.74730907	-2.291839402	0.438242539	-5.229614196	1.70E-07	5.30E-06
Ltb	99.94770457	-2.329924792	0.221009509	-10.54219253	5.52E-26	8.07E-24
Atp1b2	9.799564902	-2.353568041	0.833521181	-2.823645151	0.004748092	0.038001505
Zfp365	15.08081519	-2.362514235	0.648499625	-3.643046415	0.00026943	0.003795862
Bank1	48.73777956	-2.461950879	0.332428614	-7.405953559	1.30E-13	8.43E-12
Sag	12.02054223	-2.52114579	0.746159546	-3.378829373	0.000727952	0.008667853
Ctdspl	38.46360634	-2.574710231	0.371230494	-6.935610818	4.04E-12	2.22E-10
Mtx3	583.6146362	-2.590113426	0.104006905	-24.90328336	6.86E-137	1.86E-133
Nhsl1	55.08631136	-2.714199732	0.317741436	-8.542164881	1.32E-17	1.18E-15
Morc4	22.39930541	-2.909211229	0.550518403	-5.284494058	1.26E-07	3.98E-06
Prdm13	11.04482866	-2.982309666	0.801040606	-3.723044306	0.000196835	0.002934827
Hsh2d	19.3519121	-3.051831103	0.58925936	-5.179096523	2.23E-07	6.87E-06
Fbxl16	10.63879168	-3.221929107	0.835323467	-3.857103547	0.000114739	0.001866286
Galnt3	41.60285286	-3.233934227	0.405465465	-7.975856165	1.51E-15	1.17E-13
Parp8	53.02315301	-3.30064194	0.360271286	-9.161545948	5.12E-20	5.28E-18
Gnat1	42.42752728	-3.413220267	0.406298484	-8.400770364	4.44E-17	3.87E-15
Rho	83.32715341	-4.057032992	1.128901415	-3.593788561	0.000325904	0.004440528
P2ry12	9.604893462	-6.6407743	1.358667611	-4.887710759	1.02E-06	2.70E-05
