GeneID	Length	MR1_expression	MR2_expression	KLA1_expression	KLA2_expression	logFC	Pvalue	FDR
Fam107a	3151	5.83	1.94	0.11	0.02	-5.937541118	3.23E-19	6.30E-15
Kansl2-ps	1461	0	6.99	0	0	-9.557376247	7.95E-18	7.74E-14
Ptges3-ps	480	0	27.61	0	0	-9.201810199	4.95E-16	3.21E-12
MSTRG.13369	286	0	98.94	0	0	-9.14626363	9.97E-16	4.86E-12
Gm16567	576	0	0	4.23	8.45	8.603770364	3.11E-13	1.21E-09
Gm10241	286	45.26	18.94	0	0	-8.346132986	5.61E-12	1.82E-08
Gm10182	273	0	61.53	0	0	-8.227332273	2.11E-11	5.57E-08
Gm42713	945	5.09	0	0	0	-8.206493525	2.57E-11	5.57E-08
Gm43601	945	5.09	0	0	0	-8.206493525	2.57E-11	5.57E-08
Arl4d	1382	32.86	13.77	1.84	2.55	-3.329389409	1.07E-10	2.08E-07
MSTRG.30222	2157.1	0.06	0.47	5.72	0.1	3.641644857	5.49E-10	9.73E-07
MSTRG.21846	1319	0.61	1.78	0.04	0	-5.607062651	1.28E-08	2.08E-05
Rcan2	2347.08	1.7	3.31	0.12	0.59	-3.072088071	4.20E-08	6.29E-05
Gm6565	438	9.92	0	0	0	-7.35618898	5.20E-08	7.24E-05
Gm21887	449.91	0.23	9.26	0.18	0.45	-4.002180987	1.38E-07	0.000178901
Gm20547	2916	1.52	0.47	0.21	0	-3.3036688	1.89E-07	0.000230172
9330159F19Rik	4597.73	1.25	0.16	0.15	0.02	-3.19057695	5.79E-07	0.0006642
Gm18588	492	0	5.76	0	0	-7.028119457	8.52E-07	0.000790243
Gm20458	1369	0	1.3	0	0	-7.028119457	8.52E-07	0.000790243
Gm7645	788	0.71	1.92	0	0	-6.982326578	8.52E-07	0.000790243
Gm2436	774	0	0	2.79	0	6.940326182	8.52E-07	0.000790243
Sult1a1	1300.26	11.88	9.71	3.04	0.71	-2.512359413	8.94E-07	0.000791868
Gm37371	392	9.78	0	0	0	-6.94307979	1.19E-06	0.001010136
Fras1	1273	0.01	0.01	0.05	0.13	3.676837816	1.36E-06	0.001105915
Gm45774	2665	13.78	3.51	1.93	1.27	-2.388349126	1.44E-06	0.001125775
Ctgf	2375.71	65.07	63.34	14.3	10.98	-2.319889629	1.57E-06	0.001174915
Pnma5	2287	0.21	0.19	1.65	0.18	3.08539303	2.84E-06	0.002053004
Gm28037	611	3.67	0	0	0	-6.832708686	3.39E-06	0.002314002
Aldh1a7	2066	0.97	1.88	0.23	0.18	-2.767875	3.44E-06	0.002314002
Ret	4859.49	0.1	1.13	0.15	0.06	-2.627560888	3.89E-06	0.002524123
Gm8979	7296	0	0	0.17	0	6.650866426	7.03E-06	0.004149335
Gm42605	385	0	0	7.84	0	6.596478163	7.03E-06	0.004149335
Gm44267	385	0	0	7.84	0	6.596478163	7.03E-06	0.004149335
Gm29253	5231	0	0	0.17	0.05	6.580389644	1.02E-05	0.005857885
Fmo3	2028.55	5.33	2.76	1.52	0.17	-2.246894032	1.32E-05	0.007335297
Gm13502	684	0	2.37	0	0	-6.567811782	1.50E-05	0.007886606
Gm18853	3596	0	0	0	0.29	6.536594827	1.50E-05	0.007886606
Gm45713	1477	0	2.14	0	0.23	-3.00666398	1.64E-05	0.008436512
MSTRG.19822	746	4.8	5.28	1.08	0.73	-2.439202096	2.08E-05	0.010385145
Trbv15	370	0	0	0	6.67	6.481124204	2.21E-05	0.010768972
Slc10a6	2124	0.79	0.94	0.05	0.2	-2.67061428	2.39E-05	0.011270757
Gm45819	1751	3.44	1.9	0.51	0.54	-2.269498642	2.43E-05	0.011270757
Gm2274	609	3.73	0	0	0.08	-4.632135345	3.07E-05	0.013604003
Ces2g	2490	0.02	0	0.14	0.31	4.297830679	3.07E-05	0.013604003
Gm49378	3275	1.04	1.01	0.27	0.13	-2.322673305	3.54E-05	0.01534401
Tent5b	2287	5.19	5.17	0.87	1.5	-2.061845548	3.66E-05	0.015525558
F3	1765.76	24.83	14.67	7.88	2.7	-1.972261455	4.43E-05	0.018370535
MSTRG.31886	1655	3.2	2.03	0.55	0.53	-2.223057053	4.67E-05	0.018487072
Gm19918	400	5.99	0	0	0	-6.362494178	4.93E-05	0.018487072
Prn	3370	0.31	0	0	0	-6.362494178	4.93E-05	0.018487072
Gm26695	1251	0	0	0.67	0.27	6.338339123	4.93E-05	0.018487072
Gm48113	1039	0	0	1.18	0	6.28907984	4.93E-05	0.018487072
Rps13-ps2	453	49.39	0	11.13	0	-2.143027507	5.11E-05	0.018779652
Tsc22d3	2027.41	223.89	145.02	46.35	49.46	-1.905603195	6.09E-05	0.021977154
Gm48128	3846	0.59	0.57	0.06	0.15	-2.314267421	7.31E-05	0.0258964
Gm43798	394	0	5.7	0	0	-6.348506003	7.46E-05	0.025969935
Gm17711	237	10.81	5.16	46.21	48.55	2.642668312	7.62E-05	0.026053016
Gm6161	1102	0.24	0.76	0	0	-6.270480385	0.000113897	0.037622814
MSTRG.745	243	0	25.18	0	0	-6.267289256	0.000113897	0.037622814
Hoxb3os	2315	0	0.38	0	0	-6.18121195	0.000175464	0.056993479
Gm44170	549	10.84	0	19.27	18.75	1.91817043	0.000178878	0.057150191
Gm8534	766	0	0.38	3.54	0	3.010356921	0.000197582	0.061121895
AC154912.3	3612	0.44	0.1	0.04	0.03	-2.769873887	0.000197582	0.061121895
Igkv6-23	369	0.83	0	9.08	1.33	3.564422497	0.000210936	0.06423321
Spsb1	3059.48	29.06	29.02	8.48	7.89	-1.743731513	0.000238382	0.071474386
Ddit4	1755	44.71	44.08	14.55	11.52	-1.740598723	0.000251057	0.07323967
MSTRG.15837	534	1.12	2.22	0.15	0	-4.224345303	0.000259302	0.07323967
Casq1	1256.74	0.03	0	0.12	0.99	3.969859669	0.000259302	0.07323967
Aox4	4973	0.02	0	0	0.19	3.965037085	0.000259302	0.07323967
Gm5300	1003	0.51	0.54	0	0	-6.095556016	0.000272943	0.074921005
Igkv6-15	347	0	0	6.36	0.32	5.98289239	0.000272943	0.074921005
Gm14122	973	0.98	0.69	0	0.15	-3.150650139	0.000284623	0.077041983
Gm26587	989	2.24	1.01	0.6	0	-2.440848579	0.000328572	0.087389874
Igkv1-110	401	1.69	0.3	5.2	6.36	2.62898474	0.000331821	0.087389874
Rtl1	6358	0.49	0.1	0.08	0.04	-2.176158587	0.000359824	0.09350134
Gm43198	326	0	9.87	0	0.55	-4.224808815	0.000378171	0.096976046
Peg3	8136.63	0.32	0.78	0.2	0.1	-1.845866199	0.000397867	0.100701659
Gm29542	704	0	0	1.21	0.29	5.887148213	0.000428911	0.107167225
Dlgap2	3290.99	0.6	0.38	0.09	0.09	-2.247714928	0.00044929	0.110838174
Map3k6	2740.49	12.99	12.22	6.27	3.98	-1.66347835	0.000485981	0.118391024
Gm15270	626.25	1.05	1.5	0.1	0.28	-2.638105932	0.000530589	0.127662321
Akap12	5917	1.22	3.53	0.82	0.67	-1.685497753	0.00054311	0.12908137
Foxred2	3279.69	9.46	7.19	2.61	2.34	-1.653735133	0.000564246	0.132488958
Itga11	4969	0.14	0.16	0.04	0.01	-2.677367324	0.0006078	0.141016826
Gm6093	2094.13	0.92	0.91	0.18	0.21	-2.089825004	0.000620276	0.142218376
Dnajb13	1918.36	0.66	0.24	0.1	0.06	-2.399874353	0.000673206	0.142922049
Olfr543	1429.55	0.43	0.17	0	0	-5.894998364	0.000681211	0.142922049
Gm15929	1161	0.43	0.32	0	0	-5.893209867	0.000681211	0.142922049
Gm44775	1456	0	0	0.18	0.34	5.86657814	0.000681211	0.142922049
Pakap	7576	0	0	0	0.08	5.85190449	0.000681211	0.142922049
Gm13203	520	0	0	0.96	1.17	5.779356665	0.000681211	0.142922049
Gm15286	682	0	0	0.42	0.98	5.773317837	0.000681211	0.142922049
2410018L13Rik	1701.71	0.27	0.29	0.06	0.02	-2.579238904	0.000683473	0.142922049
Ace	4353.33	1.37	3.39	1.03	0.66	-1.665691285	0.000689346	0.142922049
Gm10240	483	53.03	70.08	299.87	72.86	1.593759606	0.000788741	0.15747532
Gm13370	483	53.03	70.08	299.87	72.86	1.593759606	0.000788741	0.15747532
Ighg2b	1114	1.08	1.03	5.93	1.82	1.82315779	0.000791206	0.15747532
Gm6158	904	2.57	0.5	3.76	6.32	1.799344201	0.000791861	0.15747532
Kank4os	2251	0	0.03	0.18	0.22	3.730228432	0.000820847	0.160755415
Gm10335	468	1.81	1.49	8.19	5.52	2.030685105	0.000824852	0.160755415
MSTRG.14533	1158	0.06	0.44	0.7	1.62	2.225291045	0.000879111	0.168641964
Gm34552	636	0.42	0.13	2.17	1.48	2.747390029	0.000882625	0.168641964
Lims2	1870	1.39	2.91	11.88	0.73	-1.749694867	0.000903615	0.170976231
Gm47357	2705	2.42	1.05	0.63	0.39	-1.726409565	0.000936253	0.174084164
Dhrs9	4281	6.58	12.42	3.06	3.24	-1.572008386	0.000937905	0.174084164
Gm43352	3065	0.08	0.05	0.49	0.2	2.34315486	0.001018455	0.185501648
Gm38227	1602	0.37	1.04	0.07	0.19	-2.326082421	0.001018455	0.185501648
MSTRG.8480	2010	3.25	1.79	0.98	0.55	-1.691753508	0.00103333	0.185905643
Cabp4	1431	0.51	0.51	1.88	1.78	1.874718743	0.001039751	0.185905643
Mup10	927	0	0.89	0	0	-5.773776454	0.001094067	0.186848558
Gm10131	736	0	0	0	1.13	5.761250976	0.001094067	0.186848558
Rps10-ps2	496	0	0	0	2.02	5.664449876	0.001094067	0.186848558
AC154912.5	1708	0.49	0.21	0.03	0.03	-3.397913335	0.00110289	0.186848558
Gm16976	1472.71	0.27	0.66	0.07	0	-3.387823097	0.00110289	0.186848558
Hcn2	3195	0.02	0.02	0.28	0.07	3.087623224	0.00110289	0.186848558
Cebpd	3746	44.99	34.77	11.38	15.07	-1.534589781	0.001112137	0.186848558
Ido1	1560	1.84	0.31	3.36	3.22	1.688710238	0.001197829	0.199525497
Gm49425	985	0	0.07	1.09	0	3.610729958	0.001222088	0.201841313
Gm27252	689	2.7	1.91	0.91	0.08	-2.236857055	0.001268443	0.207736834
Ppp1ccb	1437	3.53	6.07	0	2.07	-1.665851032	0.001280241	0.207872987
Begain	1524.92	0.24	0.88	0.06	0.02	-2.688508352	0.001290607	0.207872987
Plin4	5755.28	0.61	1.25	0.32	0.29	-1.617624009	0.001401931	0.222747016
Krt33a	1683	0.04	0.07	0.82	0.08	2.892071249	0.001410202	0.222747016
Igha	1106.57	9.06	3.63	28	8.61	1.539842675	0.001417242	0.222747016
Gm46136	6329	1.05	0.39	0.25	0.2	-1.643833721	0.001490294	0.232092168
Depp1	1339	9.93	18.45	5.76	4.28	-1.527866773	0.001501313	0.232092168
Cxcl3	1126.4	0.28	2.73	9.16	0.91	1.652101103	0.001512818	0.232092168
Pvalb	953	0.39	0	0	1.92	2.481168071	0.001524337	0.232092168
Trbv17	374	0	0.72	1.95	4.15	2.996976423	0.001566863	0.23671785
Ampd3	3881.83	9.98	9.96	3.4	2.84	-1.491895473	0.001697709	0.254512722
Gm20521	1245	0.46	0.64	0	0.17	-2.635544588	0.001768904	0.258572258
Calcb	962	1.66	0.88	0.06	0.15	-2.635491533	0.001768904	0.258572258
Popdc3	1369	0.14	0.27	0	0	-5.654730195	0.001777858	0.258572258
MSTRG.31966	296	0	7.65	0	0	-5.650927279	0.001777858	0.258572258
Sgk1	2127.31	88.83	72.96	31.05	26.1	-1.463698425	0.001828121	0.25945532
3830417A13Rik	1000.5	0	0.04	0.26	0.27	3.582873614	0.001832619	0.25945532
Gm35147	1820	0	0.03	0.41	0.07	3.52018894	0.001832619	0.25945532
Aldh1a1	2022.47	5.2	5.36	2.47	1.13	-1.535039909	0.001837182	0.25945532
MSTRG.24368	618.05	36.29	26.68	4.31	15.94	-1.509016046	0.001858975	0.260644296
Gm37387	1806	0.85	0	0.15	0	-2.513682704	0.001878334	0.26108455
Pcdhga7	3568.36	0.3	0.25	0.09	0.07	-2.172381226	0.001888908	0.26108455
Cxcl2	1089.99	1.6	9.95	26.74	1.77	1.508793733	0.001915553	0.262417063
Dbp	1417.36	7.91	10.69	25.34	25.73	1.472395707	0.001934861	0.262417063
Chrna1	4386	0.82	2.7	0.44	0.75	-1.524684457	0.001949453	0.262417063
5031410I06Rik	2995	0.22	0.77	0.15	0.11	-1.932691483	0.001952408	0.262417063
Hspb7	2769	0.44	3.33	0.43	0.81	-1.56252741	0.002056351	0.274494713
Ckm	989.84	0.78	0.49	0.37	3.72	1.754648549	0.002110217	0.277079403
MSTRG.19524	632	17.29	5.2	42.15	19.02	1.491348645	0.0021113	0.277079403
Izumo1r	1056.46	0.34	0.47	1.26	0.89	2.093808644	0.002118366	0.277079403
Gm773	762	0.16	0	0	1.1	2.913509392	0.002237408	0.287652381
Nlgn1	5102.06	0.01	0.01	0.16	0.03	2.89101922	0.002237408	0.287652381
Adh1	1283.23	0.94	1.09	0.26	0.18	-1.989333014	0.002244113	0.287652381
Gm2260	657	1.69	4	9.47	7.88	1.618728422	0.002258239	0.287652381
G0s2	871	0	3.04	9.01	0.94	1.61497707	0.002406006	0.304484709
Trim71	9332	0.03	0.01	0.11	0.07	2.268290023	0.002435422	0.306218945
Mum1l1	4238.55	13.74	10.36	4.95	4.21	-1.418842951	0.002651509	0.320239727
Podn	3005.59	0.71	0.72	0.31	0.13	-1.716734472	0.002674437	0.320239727
Kcna5	2862	0.7	1.08	0.28	0.27	-1.65535867	0.002700844	0.320239727
Gm7666	819	15.12	1.02	4.44	1.04	-1.529150533	0.002722484	0.320239727
Nyap2	4764.8	0.1	0.01	0	0.01	-3.802581188	0.002768425	0.320239727
Hist1h3h	411	0.4	0	0	3.6	3.478766664	0.002768425	0.320239727
Ly6d	744	0.11	0	1.08	0.29	3.428769086	0.002768425	0.320239727
Dct	2361.94	0	0.02	0.12	0.13	3.415472672	0.002768425	0.320239727
2900060B14Rik	616	0.15	0	0.84	0.88	3.414073105	0.002768425	0.320239727
Gm47034	681	11.61	7.07	4.49	1.85	-1.533504517	0.002785769	0.320239727
Gm42503	3706	0.37	0.17	0.12	0.01	-2.083373146	0.002827702	0.320239727
Thbs4	3198	12.55	13.22	5.92	2.98	-1.410391542	0.002903286	0.320239727
Pcdhac2	5888	0.09	0	0	0	-5.526425213	0.002924864	0.320239727
Trav6d-7	358	4.68	0.2	0	0	-5.526425213	0.002924864	0.320239727
Trav6n-7	358	4.68	0.2	0	0	-5.526425213	0.002924864	0.320239727
Olfr1056	1503.32	0.33	0.12	0	0	-5.523474469	0.002924864	0.320239727
Prss57	495	0.13	0.07	0	0	-5.522491319	0.002924864	0.320239727
Gm20422	804.5	0	0.74	0	0	-5.516596974	0.002924864	0.320239727
Tyrp1	2623	0	0	0.23	0	5.488235991	0.002924864	0.320239727
Gm47251	794	0	0.01	0.76	0.17	5.478305055	0.002924864	0.320239727
Arfgef3	14579	0	0	0.03	0.01	5.474998257	0.002924864	0.320239727
Gm18329	589	0	0	0.91	0.52	5.471693239	0.002924864	0.320239727
Zglp1	401	0	0	1.34	0.62	5.465088605	0.002924864	0.320239727
Gm20708	1780	0	0.21	0	0.91	2.234754011	0.003066173	0.333836022
Krt20	1927	96.2	190.01	43.04	63.71	-1.384872372	0.003101021	0.335754442
A130012E19Rik	3135	0.29	0.02	0	0.03	-3.160974953	0.003211294	0.336477969
Gm26858	2040	0.3	0.17	0	0.03	-3.156873716	0.003211294	0.336477969
C730036E19Rik	1102	0.9	0.12	0.05	0.04	-3.155378162	0.003211294	0.336477969
Cfhr2	1296.23	0.53	0.21	0.05	0.04	-3.153737619	0.003211294	0.336477969
MSTRG.17608	614	1.77	0.54	0.12	0.1	-3.153737619	0.003211294	0.336477969
Gm26722	1048	0.49	0.55	0.11	0	-3.144848032	0.003211294	0.336477969
Fkbp5	3544.27	88.13	90.23	32.71	36.91	-1.372854203	0.003352588	0.346742502
Pax6os1	1464	0.42	0.49	0.11	0.03	-2.479495484	0.003361385	0.346742502
Gm26548	2029	0.49	0.17	0.1	0.02	-2.389042624	0.003362632	0.346742502
Gm48492	2705	0.94	0.19	0.21	0.11	-1.805257029	0.003386512	0.347367003
MSTRG.1771	1037	0.28	0.25	0.29	1.77	2.05130642	0.003466365	0.35369631
Gm42957	3624	0.74	0.61	0.44	0.02	-1.618933834	0.003543431	0.359676716
Dusp1	1815.14	29.87	16.89	11.42	6.57	-1.36081649	0.003935378	0.397391589
7420700N18Rik	1644	0.04	0	0.39	0.08	3.33911442	0.004213418	0.416828987
Fam228a	3004	0.03	0	0.18	0.07	3.336089555	0.004213418	0.416828987
Padi3	3072	0.02	0	0.15	0.08	3.330042249	0.004213418	0.416828987
Nsg2	2239	0.03	0	0.12	0.19	3.317957685	0.004213418	0.416828987
Cpxm1	1853.68	2	6.42	1.23	2.11	-1.389951142	0.004409158	0.433810285
Tnn	5518.54	0.32	0.58	0.19	0.11	-1.563882976	0.004516971	0.433810285
Toporsl	2668	0.59	0.25	0.11	0.11	-1.848002945	0.00451877	0.433810285
Vmn1r201	4741	0.12	0.12	0.03	0.02	-2.322960097	0.004519111	0.433810285
Gm43118	775	4.53	0	8.11	4.21	1.504923811	0.004613866	0.433810285
Galnt16	2680.43	0.35	0.44	0.12	0.1	-1.734604181	0.004628187	0.433810285
Insl3	623	7.13	3.81	3.83	0	-1.582963069	0.004631755	0.433810285
Krt14	1615.53	0.13	0.48	0.06	0	-3.140748733	0.004632641	0.433810285
P2ry1	2643.47	0	0.03	0.17	0.15	2.802200744	0.004632641	0.433810285
Igkv12-46	377	0.79	0	4.14	1.27	2.732435598	0.004632641	0.433810285
Cdh17	3462	0.05	0.09	0.21	0.34	1.936479088	0.0048482	0.433810285
Gm49510	2762	0	0	0.19	0	5.364557141	0.004874773	0.433810285
Igkv19-93	353.5	0	0	3.16	0.56	5.357721524	0.004874773	0.433810285
Cck	589.83	0	0	0.6	0.41	5.347484595	0.004874773	0.433810285
Krt26	2785.06	0	0	0.08	0.08	5.340671148	0.004874773	0.433810285
Ptprt	6595	0	0	0.02	0.21	5.340671148	0.004874773	0.433810285
Igkv6-13	359	0	0	1.09	2.33	5.337267819	0.004874773	0.433810285
MSTRG.7497	280	0	0	1.63	5.75	5.333866772	0.004874773	0.433810285
Ccdc36	2890	0	0	0	0.15	5.327071584	0.004874773	0.433810285
Gm26964	832	0	0	0	0.67	5.327071584	0.004874773	0.433810285
Gm49387	1739	0	0	0	0.27	5.327071584	0.004874773	0.433810285
Tceal7	971	0	0	0	0.56	5.327071584	0.004874773	0.433810285
Oplah	2722.68	1.52	11.43	33.51	1.78	1.320312725	0.00505763	0.447585228
Il1a	1974	1.02	1.13	3.77	2.03	1.431064209	0.005075496	0.447585228
MSTRG.32230	1293	20.84	13.68	10.17	3.48	-1.338221773	0.005132649	0.450586472
MSTRG.16193	338	51.5	67.25	23.68	20.2	-1.393262191	0.005172113	0.452014852
Xk	5076	0.45	0.15	0.1	0.07	-1.711769651	0.005300737	0.461187769
Itga10	3337.17	11.64	12.28	7.88	1.74	-1.313734652	0.005358783	0.464165911
Olfr1195	2585	1.21	0.73	0.18	0.11	-1.911045867	0.005434825	0.468669448
MSTRG.13849	633	1.68	3.85	0.92	0.65	-1.778121573	0.005557573	0.477143339
Mcf2l	1740.1	0.59	0.79	0.48	0.21	-1.577257258	0.005914477	0.505109959
Iqcg	5618	0.51	0.23	0.4	0.88	1.617443146	0.005988685	0.505109959
Angptl7	2157	0.66	0.76	0.21	0.21	-1.683396625	0.006073733	0.505109959
Mt2	511	2115.38	2971.4	992.16	1020.06	-1.280016332	0.006082961	0.505109959
4921514A10Rik	2116	0.09	0	0.44	0.12	2.608850846	0.006090658	0.505109959
4833411C07Rik	1437.95	0.1	0.05	0.28	0.57	2.583651626	0.006090658	0.505109959
MSTRG.12838	1072	0.8	0.48	0.05	0.18	-2.263587195	0.006090658	0.505109959
Gm10389	3173.23	0.25	0.23	0.06	0.04	-2.253685444	0.006090658	0.505109959
Il23a	1360	0.05	0.23	0.73	0.43	2.111358411	0.00617918	0.51027981
Cxcl10	1021.19	18.11	7.56	38.61	27.67	1.297583296	0.006207015	0.510415675
Gm1979	666	0.72	1.01	1.05	0.13	-1.645895248	0.006420495	0.520042605
Ccdc146	2180.32	0.62	0.05	0.04	0	-3.57741289	0.006461186	0.520042605
Ppp1r3c	2719	0.09	0.16	0	0.02	-3.576888129	0.006461186	0.520042605
Nxpe2	3366	0.14	0.67	0.01	0	-3.572802701	0.006461186	0.520042605
Coch	2456	0.43	0.09	0.06	0	-2.708238587	0.006484189	0.520042605
Gm17644	3200	0.2	0.1	0.04	0.02	-2.324878673	0.006484189	0.520042605
Apoa1	1035	0.66	0.58	1.66	0.98	1.799716552	0.006542311	0.522553654
Grin3a	7491	0.09	0.02	0.01	0.01	-3.062459724	0.006716867	0.532134236
Trav6n-6	326	0.43	0.77	1.73	3.59	2.711494579	0.006716867	0.532134236
Slc7a14	8897	0.03	0	0.09	0.06	2.219798932	0.006772936	0.53440387
Jchain	1398.32	6.69	1.93	15.98	5.17	1.300368944	0.007035038	0.552846182
MSTRG.24768	5081	1.35	1.66	0.78	0.43	-1.319258022	0.007246987	0.565991087
Olfr1217	3839	0.57	0.29	0.12	0.15	-1.586914192	0.007260392	0.565991087
Trbv29	353	9.37	0.83	0.76	1.21	-2.151843055	0.007457929	0.57270157
Slc22a17	2792.06	0.31	0.23	0.07	0.1	-2.14356996	0.007457929	0.57270157
Gm1821	685	9.22	17.07	5.21	5.09	-1.332560648	0.007479515	0.57270157
Gm44792	1628	0	0.54	1.14	0.7	1.680387912	0.007522787	0.57270157
Tnfsf18	2066	0.94	0.5	0.33	0.12	-1.662904924	0.007522787	0.57270157
Ptx3	1898	0.57	0.97	0.14	0.34	-1.60664185	0.007522787	0.57270157
Chl1	5436.03	1.15	0.97	0.5	0.39	-1.328175195	0.007609945	0.57708259
Cdx4	1963	1.03	0.79	0.48	0.15	-1.533373259	0.007640455	0.577150463
Sult6b1	2030.41	0.18	0.09	0.62	0.36	2.06824939	0.007829081	0.58237006
D530018E20Rik	958	0.46	0	1.21	0.67	2.060776655	0.007829081	0.58237006
Iglv1	391	0.72	1.29	4.07	4.19	2.05511643	0.007829081	0.58237006
Gm37194	3031	0.26	0.23	0.08	0.04	-1.977362893	0.007829081	0.58237006
Acer2	3753.31	0.97	1.13	0.34	0.35	-1.379647524	0.007898372	0.585290397
Serpina3n	2064	2.12	5.35	1.86	1.17	-1.307715916	0.008173604	0.5880028
Gal	712	0.12	0.21	0.58	1.33	2.522716369	0.008231265	0.5880028
Pdk4	3484	0.22	0.09	0.01	0.05	-2.191593726	0.008231265	0.5880028
Gm36079	573	0	0	1.36	0	5.229415574	0.008236686	0.5880028
Gm12587	427	0	0	1.9	0.38	5.222353047	0.008236686	0.5880028
Fcmr	769.5	0	0	0.24	0.08	5.21882585	0.008236686	0.5880028
Gm12319	357	0	0	2.21	1.17	5.215301384	0.008236686	0.5880028
4930556J02Rik	3076	0	0	0.08	0.07	5.211779664	0.008236686	0.5880028
Gm9866	1973	0	0	0.13	0.11	5.211779664	0.008236686	0.5880028
BC049987	934	0	0	0.2	0.38	5.204744519	0.008236686	0.5880028
Dusp2	1362.31	9.62	4.03	3.5	2.07	-1.286405813	0.008316917	0.589024091
Ccl28	3740	0.4	0.42	0.16	0.1	-1.608226376	0.008433405	0.589024091
Sept12	2049.02	0.22	0.44	0.89	1.07	1.60157206	0.008433405	0.589024091
Gm7331	387	6.09	0	5.41	11.33	1.580695735	0.008433405	0.589024091
Trbv13-1	366	47.95	3.02	17.88	1.37	-1.377130739	0.00847488	0.589024091
Fgf1	633.21	0.45	0.42	0.16	0.12	-1.543637935	0.008609316	0.589024091
Zfp935	1631	7.06	5.2	3.86	1.2	-1.282157672	0.008615202	0.589024091
Gm21671	2421	0.64	0.53	0.22	0.14	-1.636368364	0.00867532	0.589024091
AC167363.2	1046	2.54	0.69	0.86	0.18	-1.630731832	0.00867532	0.589024091
MSTRG.6695	900	0.18	0.23	1.11	0.75	2.173868727	0.00874119	0.589024091
Cacna1s	1001	0.12	0.2	0.78	0.74	2.167379406	0.00874119	0.589024091
MSTRG.29654	490	1.28	3.53	0.57	0.52	-2.050401364	0.00874119	0.589024091
Il1b	1356	12.01	21.54	45.12	35.83	1.232273549	0.008766901	0.589024091
Clca3a1	3588.57	56.13	40.52	22.97	17.69	-1.2233071	0.008775125	0.589024091
Gm47893	266	34.82	0	0	7.35	-1.947554098	0.00882713	0.589024091
Gm37589	3994	0.24	0.16	0.05	0.05	-1.925638676	0.00882713	0.589024091
Gm21762	707.36	0.28	0.34	1.76	1.29	1.922502636	0.00882713	0.589024091
E230001N04Rik	2318.23	2.95	0.92	0.96	0.54	-1.356170851	0.008848175	0.589024091
Speer4a	2980	0.5	0.97	0.17	0.34	-1.47601254	0.00887737	0.589024091
Cilp	4153	3.39	1.39	1.11	0.81	-1.268877827	0.008948297	0.589024091
Lcn2	913.63	6.09	22.81	9.29	2.97	-1.262926392	0.009053462	0.589024091
Gnao1	3240.97	0.16	0.12	0.03	0.01	-2.623754987	0.009054609	0.589024091
Gm42635	2571	0.17	0.19	0.06	0	-2.617526816	0.009054609	0.589024091
Lrrc3	4296	0.18	0.04	0.02	0.02	-2.245077625	0.009054609	0.589024091
Adm	1390	1.87	8.15	1.99	2.27	-1.304294409	0.009056916	0.589024091
Lancl3	3991	1.16	1.26	0.48	0.48	-1.308862352	0.009121911	0.589024091
Gm37206	3069	2.14	0.89	0.72	0.46	-1.330759788	0.009139963	0.589024091
Gm21663	2864	0.6	0.43	0.15	0.16	-1.629560575	0.009160047	0.589024091
Nfil3	2026	19.54	16.14	6.97	7.77	-1.228374551	0.009191784	0.589024091
Crispld2	4094.89	0.5	1.1	0.36	0.24	-1.366079187	0.009197731	0.589024091
Gm45515	2141	0.18	0.13	0.65	0.4	1.76308265	0.009218141	0.589024091
MSTRG.30600	1083	1.37	1.05	0.7	0.06	-1.757371065	0.009218141	0.589024091
Per1	4029.73	32.1	26.76	10.79	12.33	-1.215405423	0.009262437	0.589920403
Ptn	1614	2.33	0.62	5.96	1.39	1.318413878	0.009343654	0.591429794
Mt1	569.26	1656.52	1657.62	676.89	703.95	-1.211003947	0.00934683	0.591429794
Kif26a	6918	0.11	0.38	0.13	0.05	-1.482715934	0.00973774	0.600171689
Gm3931	455	2.04	1.39	0	0.33	-2.966276153	0.009786966	0.600171689
Gm26781	1477	0.49	0.12	0.04	0.03	-2.964104224	0.009786966	0.600171689
Gm47123	1742	0.34	0.16	0.05	0	-2.957578723	0.009786966	0.600171689
Alox8	3226	0	0.04	0.14	0.11	2.644195108	0.009786966	0.600171689
Gm47223	537	0.37	0	0	2.08	2.615802554	0.009786966	0.600171689
Igkv4-55	379	0.77	0	4.4	0.5	2.571687422	0.009786966	0.600171689
Gpr162	2094.07	0.81	0	1.6	0.43	1.376951773	0.009797624	0.600171689
Platr14	610.24	0.63	0	0.18	2.74	2.292843761	0.009838916	0.600171689
Fer1l5	1723	0.11	0.03	0.43	0.28	2.266974418	0.009838916	0.600171689
Cox20b	353	3.28	1.66	0	0.3	-3.4570109	0.009983359	0.600171689
Mfsd6l	2060	0.21	0.11	0.03	0	-3.452003859	0.009983359	0.600171689
Gm12796	344	0	4.89	0	0.32	-3.450353938	0.009983359	0.600171689
Platr17	807	0	0.12	0.8	0.18	3.135634428	0.009983359	0.600171689
Gm43429	2251	0	0.03	0.18	0.09	3.129221088	0.009983359	0.600171689
A430078I02Rik	2427	0.03	0	0.11	0.15	3.118212173	0.009983359	0.600171689
Aox3	4606	0.72	0.16	0.24	0.04	-1.601753203	0.010008507	0.600171689
MSTRG.16289	2969	23.26	15.55	11.66	5.07	-1.20565965	0.010122013	0.605116269
Bank1	1406.45	0.44	1.04	0.9	3.6	1.344686732	0.010437349	0.622059623
Ank3	2767.59	1.37	0.93	0.3	0.14	-1.405013425	0.010522696	0.62523424
Coro2b	3610	0.44	0.63	0.18	0.09	-1.713233055	0.0106445	0.628638342
Hoxc8	2095.95	0.5	0.47	0.17	0.11	-1.70947665	0.0106445	0.628638342
Shroom2	3499.43	0.47	0.72	0.46	0.18	-1.315656518	0.010732985	0.631949096
Gm26603	2861	0.55	0.23	0.07	0.16	-1.654478084	0.010925162	0.639400864
Krtap7-1	621	0	1.59	5.1	0.19	1.611340836	0.010925162	0.639400864
MSTRG.2839	603.86	3.29	2.11	0.48	0.76	-1.874560634	0.011035138	0.64119343
Ccl4	660	3.28	3.84	10.89	6.56	1.315179513	0.011054512	0.64119343
Gjb2	2406	0.03	0.05	0.38	0.07	2.490539978	0.011153193	0.64119343
Tmem229a	5157	0.02	0.01	0.12	0.07	2.476660123	0.011153193	0.64119343
Gm6311	878	0	0.25	0.24	1.09	2.453997796	0.011153193	0.64119343
Cyp2j12	1675	0.62	0.04	0.15	0	-2.10120547	0.011153193	0.64119343
Fndc1	5845	0.5	0.55	0.17	0.11	-1.396717517	0.011280255	0.643930218
Gm8883	596.45	0.12	0.81	1.9	2.21	2.119438959	0.01129992	0.643930218
8030451A03Rik	1361.77	1.21	0.24	0.1	0.03	-1.988878987	0.01129992	0.643930218
Cmbl	786.5	0.4	0.67	1.45	1.1	1.572333773	0.011550966	0.655996819
Gm38104	1895	0.94	0.37	0.06	0.32	-1.643980483	0.011578988	0.655996819
Gm807	1723	3.13	4.66	1.79	1.44	-1.253249596	0.011707625	0.661306069
MSTRG.9786	1589	0.57	0.26	1.16	1.13	1.503596592	0.011740566	0.661306069
A830036E02Rik	2270.13	0.37	0.18	0.1	0.04	-1.820763701	0.012050335	0.675892403
Gm29361	2000	0.57	0.86	0.23	0.25	-1.498804087	0.012068888	0.675892403
Zc3h12c	6764	5.62	5.07	2.69	1.97	-1.177605816	0.012310342	0.687439148
Igkc	532	72.96	18.58	154.46	46.97	1.177082321	0.012567616	0.699800784
Gm30873	1222	0.73	0.36	1.8	1.2	1.502748781	0.012749042	0.704065352
Gzma	884.17	25.58	11.69	34.91	44.88	1.176364931	0.012809923	0.704065352
Ces1d	1231.03	18.19	12.97	9.69	1.13	-1.195653148	0.012932396	0.704065352
Tchh	5823	0	0.49	0.92	0.33	1.2854087	0.01293284	0.704065352
Gm43412	2818	0.43	0.22	0.16	0.03	-1.777270693	0.012984942	0.704065352
MSTRG.9549	1213	0	0.21	0.23	0.77	2.249452319	0.013005466	0.704065352
Gstp-ps	631	0.22	0.21	0.2	2.19	2.239927092	0.013005466	0.704065352
1810062O18Rik	517.38	0.75	0.1	1.35	0.92	2.207596833	0.013005466	0.704065352
Gm29675	5348	0.11	0.1	0.04	0.01	-2.001337764	0.013005466	0.704065352
Slc4a1	1194.2	0.01	0.38	0.03	0.03	-1.998750068	0.013005466	0.704065352
Efcab8	3047.54	0.35	0.28	0.12	0.14	-1.58978634	0.013627946	0.735720339
Gm26704	2901	0.08	0.06	0.34	0.17	1.850661331	0.013809972	0.743345196
Klhdc7a	7807	0.2	0.03	0.03	0.04	-1.607528847	0.013845467	0.743345196
Grpr	2523	2.79	2.1	1.3	0.75	-1.227878658	0.014026912	0.750660474
Pcdhga6	4733	0.93	0.37	0.35	0.17	-1.280242192	0.014136985	0.750660474
Ttc16	3232.18	0.28	0.06	0	0.02	-2.864250238	0.014328375	0.750660474
Asphd1	1647	0.39	0.2	0.04	0.03	-2.85857926	0.014328375	0.750660474
Cd209g	2294	0.06	0.05	0.29	0.38	2.549508724	0.014328375	0.750660474
Gm9027	661	0	0.2	0.18	1.22	2.539101867	0.014328375	0.750660474
Gm12960	1066	0	0.1	0.41	0.38	2.463707345	0.014328375	0.750660474
4930515G13Rik	492	1.53	1.19	0.18	0.29	-2.332951829	0.014328375	0.750660474
Fjx1	3134	0.06	0.17	0.02	0.03	-2.329376192	0.014328375	0.750660474
Gm42686	4108	0.79	0.53	0.31	0.21	-1.310490317	0.01485887	0.759139218
MSTRG.27926	418	27.88	23.3	16.58	4.7	-1.237476924	0.014862861	0.759139218
Rdh9	1276	0.08	0.08	0.4	0.23	1.74862462	0.014882849	0.759139218
MSTRG.20072	502.03	1.37	0.2	2.63	2.25	1.741540997	0.014882849	0.759139218
Asphd2	668	0.19	0.02	0.37	0.08	2.41953706	0.015148992	0.759139218
4930534D22Rik	2715	0.07	0	0.29	0.08	2.41825719	0.015148992	0.759139218
Gm2030	1129	0.12	0.06	0.51	0.47	2.404045037	0.015148992	0.759139218
Bmp7	3670	0	0.04	0.05	0.19	2.391105293	0.015148992	0.759139218
Sh2d4b	3086	0.31	0.09	0.07	0.04	-2.029022324	0.015148992	0.759139218
Gm43825	734	1.23	0.61	0.28	0.15	-2.02400824	0.015148992	0.759139218
Gm21698	666	0.64	0.85	0.25	0.48	-1.354165048	0.01552638	0.759139218
Lrrc34	1891	0.2	0.12	0	0.02	-3.321917979	0.015541924	0.759139218
Greb1	2730.58	0.04	0.2	0	0.01	-3.320935045	0.015541924	0.759139218
Adtrp	519.05	0.58	0.76	0	0.13	-3.318969828	0.015541924	0.759139218
Zfp109	1935	0.18	0.09	0.03	0	-3.316910938	0.015541924	0.759139218
MSTRG.17926	382	1.14	2.38	0.31	0	-3.313962788	0.015541924	0.759139218
Nupr1l	628	0.18	0.84	0.03	0	-3.312980505	0.015541924	0.759139218
Mirt2	1297	0	0.05	0.58	0.05	3.027944378	0.015541924	0.759139218
Pnmal2	4147	0	0.01	0.13	0.01	3.027944378	0.015541924	0.759139218
Gm36757	3556	0.02	0	0.12	0.03	3.019925928	0.015541924	0.759139218
Gm9918	2192	0	0.03	0.14	0.12	3.011410458	0.015541924	0.759139218
MSTRG.16583	247	1.78	0	8.4	6.53	3.010010891	0.015541924	0.759139218
4933438A12Rik	1013	0	0.07	0.29	0.34	3.008109046	0.015541924	0.759139218
Gm20659	604	0.08	0	0.63	0.69	3.006709478	0.015541924	0.759139218
Gm42879	2214	0.03	0	0.09	0.15	3.00340989	0.015541924	0.759139218
Scarna13	275	1.09	0	3.49	5.49	3.00340989	0.015541924	0.759139218
Plet1os	1119	0	0.09	0.16	0.44	3.001511708	0.015541924	0.759139218
MSTRG.26383	2559	0.52	0.65	1.84	0.98	1.257759198	0.015759011	0.766564792
Gm42675	4035	0.19	0.15	0.34	0.51	1.398618113	0.015802472	0.766564792
4930579C12Rik	3676	0.64	0.5	0.16	0.26	-1.362022503	0.015818593	0.766564792
Gm47327	262	33.35	5.04	0.79	9.35	-1.639429617	0.015851281	0.766564792
Gad2	5744	0.26	0.18	0.12	0.04	-1.496663904	0.015921267	0.76675106
Col12a1	3481.5	6.78	5.8	5.62	2.53	-1.131782172	0.015950193	0.76675106
Gng3	1699	1	0.42	0.29	0.18	-1.549467092	0.016046226	0.76675106
Klra13-ps	657.24	0	0.76	1.93	0.9	1.92824319	0.016051846	0.76675106
MSTRG.19183	604	2.12	1.38	0.5	0.4	-1.868017147	0.016051846	0.76675106
Ch25h	1350	8.17	7.81	16.66	17.49	1.139545044	0.01614507	0.769318516
Slc22a23	5120.1	3.38	4.79	2.06	1.48	-1.13568211	0.016585385	0.788372121
Ccbe1	5304	0.19	0.36	0.06	0.07	-1.539181845	0.016672112	0.790566396
Gm6545	1786	0.21	0.13	0.68	0.36	1.59424448	0.016727146	0.791250844
Slc40a1	3370	0.25	1.06	0.99	0.71	1.282026728	0.016788363	0.792223733
MSTRG.5164	339	1.16	1.12	2.68	5.7	2.132160088	0.017221812	0.808481539
Gm45873	1915	0.36	0.24	0.08	0.07	-1.933365307	0.017221812	0.808481539
Olfr1039	4103.76	0.08	0.02	0.21	0.14	1.799118207	0.017298825	0.808481539
Casq2	2434	0.66	0.3	0.26	0.11	-1.758299467	0.017298825	0.808481539
Tmem252	2462	1.32	2.4	0.8	0.78	-1.216558014	0.01745298	0.813024089
Wfdc13	1074	1.66	0.48	0.49	0.18	-1.637295216	0.017521172	0.813024089
Ppp1r14a	950	0.47	1.99	0.13	0.65	-1.588060891	0.017521172	0.813024089
Trmt112-ps2	378	0	19	7.54	0	-1.436692126	0.017714394	0.820037583
Cers3	3250	0.13	0.23	0.02	0.04	-2.15230408	0.017832742	0.823559962
Gm48764	3666	5.91	3.55	3.12	1.2	-1.124215087	0.017989264	0.828824513
Krt12	1852	0.69	0.46	0.17	0.21	-1.528286441	0.01824287	0.838526627
Gm26508	1516	0.33	0	0.88	0.26	1.710780599	0.018395167	0.841557294
Gm48778	558	2.92	1.54	0.23	1.02	-1.602926492	0.018395167	0.841557294
Sorbs1	1633.8	7.69	20.05	6.75	6.81	-1.116824221	0.018665675	0.851595539
Gm3608	2858	0.16	0.18	0.54	0.39	1.445093539	0.018761758	0.851595539
Kcne4	2657	0.32	0.77	0.32	0.19	-1.392537877	0.018761758	0.851595539
Tet2	5725.54	15.24	11.06	7.48	3.61	-1.096423648	0.018858437	0.851595539
Slitrk6	4240	0.46	0.05	0.17	0	-1.586926041	0.01890059	0.851595539
Axin2	3853.22	0.91	0.24	0.14	0.07	-1.507389663	0.01890059	0.851595539
Itga5	3620.86	44.76	44.1	23.15	16.21	-1.092464398	0.018920461	0.851595539
Gm10775	1203	0.9	0.26	0.1	0.2	-1.87153943	0.018966031	0.851679687
Gm3417	712	2.82	2.86	1.66	0.45	-1.44805603	0.019198985	0.859781154
Abhd15	2662	0.74	0.87	0.26	0.36	-1.317262326	0.019246402	0.859781154
Pex5l	2835.17	0.05	0.11	0.14	0.46	1.633043168	0.019362418	0.859781154
Il10	1310	0.36	0.09	1.07	0.35	1.630552481	0.019362418	0.859781154
Fmo2	3496.73	50.79	27.57	32.45	3.27	-1.089350828	0.019367024	0.859781154
Gm43694	1119	4.83	0.73	1.38	0.86	-1.252206764	0.01964257	0.870031931
Pcdh10	6314.03	1.31	1.79	0.55	0.58	-1.170215194	0.01975962	0.873231843
Gm7347	2995	0.37	0.62	0.26	0.12	-1.352371048	0.01999167	0.881487932
Tnni2	593.6	5.94	4.47	5.69	13.56	1.19989465	0.020205813	0.888918925
Synb	4055	0	0.08	0.18	0.11	1.821942021	0.02043824	0.894697067
7330423F06Rik	301	7.74	3.95	1.24	1.47	-1.941568851	0.020621499	0.894697067
Mt4	398	2.4	2.78	0.84	0.45	-1.9348927	0.020621499	0.894697067
Srgap1	7787	0.19	0.34	0.14	0.03	-1.340169488	0.020690421	0.894697067
Gm12758	4175	0.92	0.45	0.43	0.15	-1.23125158	0.020695519	0.894697067
Ighg2c	1111	0.89	0.47	2.38	1.08	1.354096881	0.021009371	0.894697067
4930426I24Rik	868.41	0.76	0.56	0	0.1	-2.748611699	0.021071679	0.894697067
B3gnt4	1423	0.14	0.37	0.06	0	-2.734437413	0.021071679	0.894697067
Trbv16	398	0	0.62	0.28	3.13	2.445596271	0.021071679	0.894697067
Hist2h2bb	381	0	0.81	2.97	1.06	2.376853658	0.021071679	0.894697067
MSTRG.1010	538	0.18	0.17	1.36	0.61	2.372405094	0.021071679	0.894697067
5430402O13Rik	940	0.08	0.08	0.56	0.32	2.369293727	0.021071679	0.894697067
1810006J02Rik	958.04	0.08	0	0.45	0.66	2.364846372	0.021071679	0.894697067
Gm1123	1537	0.04	0.04	0.18	0.26	2.359966317	0.021071679	0.894697067
Dnah7c	12207	0	0	0.01	0.03	2.353753753	0.021071679	0.894697067
Gck	1817	0	0.34	0	0.39	2.345779836	0.021071679	0.894697067
MSTRG.18140	916	24.08	22.36	14.56	7.03	-1.093263113	0.021509916	0.911319019
Ighd	1676.54	0.21	0.09	0.56	0.34	1.754371631	0.021686697	0.916815705
MSTRG.26374	2257	1.56	0.15	0.5	0.17	-1.327885559	0.02186315	0.922274741
MSTRG.29241	513	12.33	14.93	7.99	3.8	-1.165456353	0.022232913	0.933359818
Pappa	11027	0.09	0.09	0.01	0.05	-1.488388049	0.022269604	0.933359818
Slc35d3	2630	0.56	0.25	0.1	0.17	-1.483279081	0.022269604	0.933359818
Cybrd1	5339	0.35	0.19	0.15	0.05	-1.384937113	0.022564697	0.942900668
4930563E22Rik	2569.86	0.09	0.05	0.36	0.12	1.671212086	0.022751102	0.942900668
Adamts15	5928	0.05	0.19	0.05	0.03	-1.660152754	0.022751102	0.942900668
Serpinb7	1887	0.81	0.4	1.58	1.2	1.249178502	0.022762868	0.942900668
Lipk	2083	0.06	0.05	0.22	0.26	2.077297655	0.022840904	0.942900668
Rpl17-ps3	556	0	0.59	0	2.56	2.057044764	0.022840904	0.942900668
Lrfn1	3060	0.25	0.09	0.24	0.01	-1.850137691	0.022840904	0.942900668
Pygm	2770.66	1.13	0.76	1.02	0.43	-1.32978356	0.022884295	0.942900668
Gm47840	2280	0.46	0.3	1.09	0.74	1.297547611	0.023013367	0.946218361
Scarna10	325	1.26	9.83	4.29	22.96	1.365684386	0.023182545	0.951167604
Gm15287	751	20.15	10.16	9.37	4.4	-1.106471517	0.023414042	0.957706173
Hoxd10	1816	0.21	0.7	0.32	0	-1.617153134	0.023663643	0.957706173
Tubg2	1754	0.26	0.07	0	0.02	-3.174956058	0.024373865	0.957706173
4930417H01Rik	635.17	0.74	0.1	0.05	0	-3.169949018	0.024373865	0.957706173
Gm47857	3879	0.09	0.04	0.01	0	-3.168932034	0.024373865	0.957706173
Gm17039	4901	0.06	0.05	0.01	0	-3.167915314	0.024373865	0.957706173
Gm48145	329	2.64	2.13	0.27	0.04	-3.167915314	0.024373865	0.957706173
AF529169	7202	0.03	0.04	0.02	0	-3.166898858	0.024373865	0.957706173
Gm38381	2275	0.11	0.12	0.02	0	-3.166898858	0.024373865	0.957706173
Stx19	2812	0.04	0.14	0.02	0	-3.16486674	0.024373865	0.957706173
Gm44618	2262	0.03	0	0.23	0.02	2.902759116	0.024373865	0.957706173
Gm13966	832	0	0.11	0.63	0.19	2.897327441	0.024373865	0.957706173
Efhc2	2554	0.02	0	0.16	0.05	2.895927873	0.024373865	0.957706173
Gm6733	1920	0.03	0	0.22	0.07	2.895927873	0.024373865	0.957706173
Gm14009	656	0.13	0	0.44	0.62	2.882292021	0.024373865	0.957706173
MSTRG.14910	287	0.92	0	2.96	4.08	2.882292021	0.024373865	0.957706173
Gm14968	769	0.1	0	0.26	0.56	2.878888692	0.024373865	0.957706173
CT009718.2	544	0	0.17	0.3	1.07	2.876887213	0.024373865	0.957706173
Gm6988	375	0	0.35	0.64	2.32	2.876887213	0.024373865	0.957706173
Aire	2966	0	0.02	0.05	0.21	2.873488464	0.024373865	0.957706173
Pcdha4	4129	0.02	0	0	0.1	2.868692457	0.024373865	0.957706173
Gm43549	2661	4.26	6.54	4.15	1.08	-1.077353494	0.024564136	0.958716137
MSTRG.15992	541	6.69	13.82	6.17	3.05	-1.161055526	0.024803183	0.958716137
MSTRG.28608	2523	0.82	2.54	1.6	5.28	1.090709319	0.02509634	0.958716137
Gm45223	5138	0.25	0.1	0.08	0.05	-1.49197858	0.025132043	0.958716137
Gm44763	2019	0.37	0.06	0.05	0.02	-2.437450398	0.025137459	0.958716137
Gm37152	1175	0.53	0.27	0.1	0.04	-2.434845615	0.025137459	0.958716137
Gm16325	1709	0.08	0.17	0.02	0.03	-2.052933071	0.025137459	0.958716137
Uox	514.1	0.79	0.65	0.12	0.17	-2.052019462	0.025137459	0.958716137
Gm10605	3198	0.13	0.12	0.12	0.03	-2.051151464	0.025137459	0.958716137
Gm48478	2325	0.19	0.17	0.04	0.04	-2.051151464	0.025137459	0.958716137
MSTRG.21525	340	5.22	1.83	1.06	0.35	-2.049361998	0.025137459	0.958716137
Gm37726	3886	0.14	0.07	0.04	0.01	-2.048493824	0.025137459	0.958716137
MSTRG.15444	647	0.41	1.81	0.26	0.18	-2.047680355	0.025137459	0.958716137
Lmntd1	2624.48	0.21	0.19	0.1	0.02	-2.046757739	0.025137459	0.958716137
Gm15421	399	1.77	2.16	0.76	0.26	-2.045889829	0.025137459	0.958716137
MSTRG.20	18562	1.57	15.26	25.25	10.53	1.038919564	0.025286312	0.962509639
Gm9910	1550	3.13	1.06	1.07	0.71	-1.179215163	0.025439378	0.966448422
A430093F15Rik	1125.8	2.76	0.27	0.49	0.25	-1.442418049	0.025725867	0.973858441
Clcn1	1299.34	1.38	0.51	0.19	0.21	-1.311195101	0.025734368	0.973858441
MSTRG.28091	1116	0.69	0.58	1.77	1.4	1.348153518	0.025977021	0.979116684
Zfp457	1164.32	2.2	1.15	0.56	0.91	-1.31852077	0.025977021	0.979116684
Gm26637	2289	0.43	0.15	0.13	0.04	-1.738315004	0.026045846	0.979116684
MSTRG.2099	1892	1.94	0.85	3.46	2.44	1.11892318	0.026074276	0.979116684
Spint2	1248.4	0.79	0.36	1.67	1.09	1.305982037	0.026201574	0.980758786
Spry1	2451	0.98	1.82	0.89	0.39	-1.147044234	0.026218653	0.980758786
Wisp2	1719	0.5	0.89	0.46	0.13	-1.407776229	0.026702517	0.996945136
