id	Case1	Case2	Case3	Control1	Control2	Control3	Treat1	Treat2	Treat3
ENSG00000000003.14	4.98	4.7	4.5	5.98	6.44	5.82	5.3	5.69	5.65
ENSG00000000419.12	97.52	96.41	105.09	88.81	94.59	88.7	84.91	73.59	84.26
ENSG00000000457.13	2.22	1.97	2.13	4.12	3.82	3.98	4.79	4.48	3.71
ENSG00000000460.16	21.95	15.9	17.43	21.73	20.66	19.75	17.52	20.31	19.11
ENSG00000000938.12	0.19	0.16	0.09	0.11	0.02	0.71	0.11	0.07	0.05
ENSG00000000971.15	4.27	3.11	4.22	4.94	4.29	3.97	5.97	5.37	5.68
ENSG00000001036.13	85.74	84.45	89.51	70.81	72.76	74.53	79.15	78.2	82.09
ENSG00000001084.11	62.63	64.19	63.07	56.92	55.34	58.75	78	76.55	79.59
ENSG00000001167.14	19	19.66	20.29	16.93	16.14	16.74	19.76	19.59	20.72
ENSG00000001460.17	5.67	6.91	4.66	6.21	5.95	6.01	7.48	7.26	7.92
ENSG00000001461.16	18.66	18.97	20.64	21.19	20.36	21.03	19.17	23.05	19.78
ENSG00000001497.16	111.33	107.15	112.84	94.32	90.07	90.47	86.93	85.7	81.03
ENSG00000001561.6	0	0	0	0	0.01	0.03	0	0	0
ENSG00000001617.11	43.37	45.44	41.77	54.89	53.6	57.82	33.44	41.16	35.49
ENSG00000001626.14	0.07	0.15	0.27	0.04	0.01	0.03	0.04	0.1	0.01
ENSG00000001629.9	27.31	27.7	30.82	21.87	26.66	23.73	18.56	19.96	22.31
ENSG00000001630.15	35.94	34.11	36.74	37.65	41.32	36.23	33.24	33.84	33.3
ENSG00000001631.15	27.99	27.12	27.1	27.27	31.88	27.64	34.65	26.01	28.1
ENSG00000002016.17	16.95	11.82	12.78	9.13	14.3	11.99	15.71	15.26	14.44
ENSG00000002079.14	0.08	0.02	0.07	0.02	0.06	0.07	0.02	0.07	0.54
ENSG00000002330.13	75.05	70.29	67.46	67.67	60.12	70.07	48.01	47.55	43.13
ENSG00000002549.12	20.52	24.63	25.1	14.02	15.69	15.81	21.28	20.68	21.51
ENSG00000002586.19	36.76	40.82	38.83	39.63	39.39	44.31	46.17	49.04	55.17
ENSG00000002586.19_PAR_Y	36.76	40.82	38.83	39.63	39.39	44.31	46.17	49.04	55.17
ENSG00000002587.9	0.1	0.11	0.13	0.25	0.17	0.54	0.3	0.31	0.36
ENSG00000002726.20	1.48	1.45	1.1	2.03	1.78	1.81	1.58	1.15	1.24
ENSG00000002745.12	0.03	0	0.08	0	0	0	0.09	0	0.09
ENSG00000002746.14	8.26	6.02	6.56	6.84	5.52	5.74	5.94	7.07	9.54
ENSG00000002822.15	26.99	19.56	30.43	20.4	19.95	17.99	21.87	24.59	19.84
ENSG00000002834.17	124.5	125.18	124.27	115.51	113.84	116.96	105.4	109.96	103.92
ENSG00000002919.14	6.77	7.33	7.12	9.13	8.08	9.2	12.21	10.16	12.95
ENSG00000002933.7	0	0	0.1	0	0	0	0.07	0	0
ENSG00000003056.7	94.42	92.57	98.09	101.14	95.83	108.27	57.03	65.16	58.91
ENSG00000003096.14	1.19	1.67	2.72	2.31	2.35	1.99	1.09	1.59	1.6
ENSG00000003137.8	2.27	2.09	1.99	2.05	2.44	1.88	1.59	1.85	1.75
ENSG00000003147.17	0	0	0.06	0	0.16	0	0.08	0.07	0
ENSG00000003249.13	0.31	0.59	0.71	0.96	0.87	0.95	1.16	1.75	1.24
ENSG00000003393.14	8.39	10.38	8.55	14.4	14.58	12.28	15.73	12.7	12.21
ENSG00000003400.14	2.64	2.14	2.58	2.57	2.03	1.89	2.33	2.37	2.13
ENSG00000003402.19	10.13	10.02	11.1	7.52	8.41	6.26	11.16	7.87	8.8
ENSG00000003436.15	23.45	21.88	21.87	37.64	35.28	31.33	37.19	36.76	43.35
ENSG00000003509.15	14.29	12.29	13.87	11.54	11.81	11.87	17.83	13.88	15.48
ENSG00000003756.16	55.86	61.95	53.94	54.9	51.3	53.32	76.32	58.82	61.15
ENSG00000003987.13	0.28	0.17	0.09	0.19	0.33	0.29	0.72	0.41	0.32
ENSG00000003989.17	1.39	1.5	1.43	1.1	1.25	1.08	3.63	2.77	3.08
ENSG00000004059.10	110.27	122.65	116.78	148.64	150.57	149.8	130.99	129.54	149.34
ENSG00000004139.13	0.2	0.31	0.3	0.49	0.43	0.25	1.09	1.77	1.15
ENSG00000004142.11	103.77	110.42	108.57	100.23	95.35	100.91	104.57	113.41	108.49
ENSG00000004399.12	27.93	29.61	25.22	35.94	31.93	32.37	24.51	23.77	23.72
ENSG00000004455.16	417.51	407.38	409.98	405.56	403.99	412.8	353.41	363.61	344.11
ENSG00000004468.12	0	0	0	0.01	0	0.04	0	0	0
ENSG00000004478.7	89.61	87.81	97.81	73.15	69.52	72.15	58.19	63.3	63.72
ENSG00000004487.16	93	89.56	99.64	105.07	106.4	102.1	88.65	85.31	92.3
ENSG00000004534.14	28.59	26.56	27.05	33.62	33	33.21	48.56	47.99	46.66
ENSG00000004660.14	10.22	10.95	11.1	5.98	6.12	6.77	9.04	10.18	9.65
ENSG00000004700.15	34.73	29.59	30.17	48.08	52.19	43.23	49.01	43.51	47.9
ENSG00000004766.15	18.99	19.17	18.83	22.76	24.28	20.1	28.79	32.05	25.52
ENSG00000004776.12	0.25	0.04	0.1	0	0.06	0.07	0.04	0	0
ENSG00000004777.18	2.44	1.26	2.89	0.99	0.9	1.26	1.84	1.57	1.14
ENSG00000004779.9	163.83	160.3	154.12	124.78	119.76	130	133.33	152.47	153.53
ENSG00000004799.7	0.78	0.55	0.69	0.55	0.42	0.39	0.76	0.57	0.7
ENSG00000004809.13	0	0	0.05	0.09	0	0.17	0	0	0
ENSG00000004838.13	0.02	0.11	0.15	0.1	0.07	0.11	0.4	0.47	0.23
ENSG00000004846.16	0.08	0.07	0.18	0.18	0.15	0.1	0.25	0.08	0.18
ENSG00000004848.7	0	0.07	0.03	0.18	0.03	0.02	0.03	0.11	0.05
ENSG00000004864.13	39.39	40.43	38.22	31.06	35.62	29.36	40.61	37.91	38.24
ENSG00000004866.20	17.54	14.84	17.79	14.35	15.55	14.54	18.26	15.87	18.06
ENSG00000004897.11	50.21	53.43	52.03	39.65	40.35	38.39	30.17	27.03	25.8
ENSG00000004939.14	0	0.01	0.01	0.03	0	0.21	0.04	0	0.21
ENSG00000004948.13	0.12	0.09	0.1	0.15	0.04	0.07	0.29	0.11	0.22
ENSG00000004961.14	39.68	37.67	41.83	38.54	41.54	41.99	26.14	23.23	22.72
ENSG00000004975.11	40.37	37.26	36.8	30.58	28.64	28.4	22.44	28.02	24.72
ENSG00000005001.9	1.52	1.26	1.5	1.13	1.59	1.91	0.96	1.48	0.59
ENSG00000005007.12	46.11	42.86	47.63	36.67	37	35.73	33.91	32.31	29.27
ENSG00000005020.12	14.14	13.13	14.31	15.25	14.46	15.94	20.49	13.85	17.33
ENSG00000005022.5	351.9	353.51	374.58	322.86	306.49	309.85	343.09	356.01	360.8
ENSG00000005059.15	13.07	13.67	13.64	15.9	9.93	10.72	11.06	11.05	14.42
ENSG00000005073.5	2.51	2.04	2.13	4	3.51	3.91	4.41	4.76	3.81
ENSG00000005075.15	88.07	91.31	84.04	87.36	81.09	95.43	73.28	90.04	80.65
ENSG00000005100.12	24.57	25.27	25.49	25.31	26.82	26.87	21.37	22.54	20.6
ENSG00000005102.12	0.66	0.77	0.46	0.37	0.45	0.72	1.13	1.37	1.26
ENSG00000005108.15	0.01	0.03	0.03	0	0.01	0	0.01	0	0.01
ENSG00000005156.11	22.27	18.04	20.3	16.34	14.4	14.32	12.05	12.1	11.76
ENSG00000005175.9	64.23	54.95	59.55	54.98	55.28	59.36	41.57	41.11	41.21
ENSG00000005187.11	0.77	0.74	0.47	0.16	0.39	0.61	0.7	0.71	1.11
ENSG00000005189.19	3.87	3.69	4.24	4.84	4.65	4.09	4.49	4.07	4.11
ENSG00000005194.14	40.81	41.43	44.58	51.18	49.68	55.15	46.59	49.44	48.76
ENSG00000005206.16	21.7	19.24	19.02	21.62	21.37	19.73	17.09	15.37	12.16
ENSG00000005238.19	10.98	11.09	11.32	16.62	14.3	14.68	9.67	13.18	12.02
ENSG00000005243.9	4.82	4.99	5.38	5.73	6.1	6.18	5.15	3.86	3.14
ENSG00000005249.12	0.7	0.63	0.72	0.66	0.54	0.72	0.5	0.55	0.57
ENSG00000005302.17	21.91	19.33	24.09	19.94	21.66	19.84	19.62	22.96	22.04
ENSG00000005339.14	22.44	23.82	21.69	19.27	19.77	20.2	19.06	18.89	18.7
ENSG00000005379.15	0	0	0	0	0	0.02	0	0.01	0
ENSG00000005381.7	0.17	0.27	0.29	0.23	0.16	2.17	0.36	0.17	0.2
ENSG00000005421.8	0	0	0	0	0.05	0.05	0	0.04	0
ENSG00000005436.13	18.81	18.11	19.22	16.97	15.64	13.52	18.41	16.16	16.11
ENSG00000005448.16	27.45	24.61	18.57	22.46	18.25	16.66	11.21	16.74	12.32
ENSG00000005469.11	13.67	12.25	15.53	13.16	14.92	15.28	16.41	15.24	14.55
ENSG00000005471.16	0.2	0	0.05	0	0.01	0.04	0.25	0.24	0
ENSG00000005483.20	24.88	24.83	26.57	23.28	24.76	21.98	25.68	27.72	26.2
ENSG00000005486.16	58.36	59.89	55.92	82.63	78.63	86.08	67.39	76.65	71.1
ENSG00000005700.14	18.31	17.23	17.46	16.78	15.87	14.96	24.1	20.52	25.17
ENSG00000005801.16	54.19	51.86	51.11	43.3	43.49	39.87	80.03	67.76	69.08
ENSG00000005810.17	29.87	28.93	28.44	25.21	23.95	24.46	23.11	23.3	19.49
ENSG00000005812.10	14.8	14.57	15.64	16.99	17.61	16.78	21.72	18.7	19.45
ENSG00000005844.17	0	0	0.22	0.03	0.01	0.13	0.24	0.03	0.01
ENSG00000005882.11	19.79	19.81	19.42	21.42	17.62	20.95	19.82	19.47	16.99
ENSG00000005884.17	58.06	61.25	56.02	75.22	79.83	81.45	38.68	39.79	43.84
ENSG00000005889.15	9.78	11.06	9.39	8.33	7.44	8.04	10.27	8.01	9.86
ENSG00000005893.15	32.57	30.04	33.05	34.71	35.07	34.05	43.83	39.04	37.79
ENSG00000005961.17	0.82	1.08	0.97	0.77	1.22	0.92	1.35	0.18	0.47
ENSG00000005981.12	0.02	0.02	0	0	0.02	0.01	0	0.03	0.07
ENSG00000006007.11	32.28	34.73	34.87	39.38	45.45	41.09	42.7	47.78	46.33
ENSG00000006015.17	15.08	17.13	13.21	16.55	13.87	12.8	12.81	13.93	12.47
ENSG00000006016.10	2.82	2.18	2.84	4.4	3.89	5.94	2.25	2.08	2.56
ENSG00000006025.11	4.19	5.09	6.09	5.93	5.46	6.35	6.45	6.75	7.63
ENSG00000006042.11	0.24	0.54	0.45	0.4	0.41	0.33	0.19	0.37	0.17
ENSG00000006047.12	0.14	0.11	0.74	0.7	0.23	0.06	0.07	0.56	0
ENSG00000006062.14	11.8	12.66	12.23	17.84	17.3	18.11	12.22	11.79	9.82
ENSG00000006071.13	0	0	0.04	0	0	0	0	0	0
ENSG00000006118.14	22.5	26.25	21.06	29.81	27.99	31.21	27.03	28.32	26.99
ENSG00000006125.17	107.01	106.53	109.79	105.63	107.61	101.44	125.53	127.63	125.86
ENSG00000006194.9	26.15	30.57	29.84	15.56	18.66	17.96	26.88	25.21	26.12
ENSG00000006210.6	0	0	0.01	0	0	0.05	0.01	0	0
ENSG00000006282.20	12.94	15.01	17	26.36	17.67	23.76	18.1	19.47	15.8
ENSG00000006283.17	0.09	0.1	0.04	0.08	0.07	0.17	0.02	0.04	0.01
ENSG00000006327.13	48.18	52.77	50.48	110.01	102.07	112.73	100.05	104.81	102.05
ENSG00000006377.10	0.69	0.42	0.26	0.81	0.31	0.47	0.39	0.19	0.52
ENSG00000006432.15	3.91	4.23	3.8	6.34	5.88	5.99	5.48	5.53	5.05
ENSG00000006451.7	39.77	36.11	42.44	38.18	43.26	39.3	43.76	40.27	42.99
ENSG00000006453.13	48.92	49.1	46.32	38.32	41.45	38.83	50.23	45.04	44.44
ENSG00000006459.10	0.69	0.8	0.52	1.74	1.87	1.55	1.64	2.01	1.25
ENSG00000006468.13	10.7	6.98	7.15	16.07	9.49	10.27	8.34	9.02	5.66
ENSG00000006530.15	37.59	42.3	38.7	39.03	35.86	33.16	33.09	31.61	30.6
ENSG00000006534.15	13.32	14.33	13.34	14.87	13.98	15.08	13.47	14.68	13.69
ENSG00000006555.10	0.03	0	0	0.1	0.05	0.04	0.07	0.11	0.03
ENSG00000006576.16	29.02	30.32	30.5	33.54	34.75	32.2	15.67	15.12	15.26
ENSG00000006606.8	11.28	13.35	9.18	10	5.32	7.82	4.83	10.62	8.91
ENSG00000006607.13	9.95	10.67	10.59	13.42	15.49	14.84	19.65	19.37	18.98
ENSG00000006611.15	0.06	0	0.05	0	0	0.05	0	0.06	0
ENSG00000006625.17	120.8	120.25	121.56	167.57	182.92	163.44	187.12	167.61	194.18
ENSG00000006634.7	45.83	39.3	47.11	42.78	42.6	38.9	28.95	29.79	37.54
ENSG00000006638.11	0.79	1.1	1.11	1.47	1.25	0.81	0.9	1.05	0.72
ENSG00000006652.13	59.33	55.78	58.47	57.62	56.84	57.06	62.82	59.24	56.65
ENSG00000006659.12	0	0	0.08	0	0	0	0	0	0
ENSG00000006695.10	27.52	29.38	28.19	25.02	22.97	22.39	31.37	33.03	27.41
ENSG00000006704.10	25.43	25.96	30	26.56	25.76	26.1	29.24	32.36	26.86
ENSG00000006712.14	37.75	39.33	40.96	29.53	29.6	30.15	26.18	24.11	26.08
